time_ms,Cts_diff,off_cts_norm,on_cts_norm,off_lsr_pwr_V,on_lsr_pwr_V
3734325352114.0,0.0,0.0,0.0,59.0,52.285714285714285
3734325352214.0,0.0,0.0,0.0,59.0,58.857142857142854
3734325352314.0,0.0,0.0,0.0,65.5,58.0
3734325352414.0,0.0,0.0,0.0,57.5,58.857142857142854
3734325352514.0,0.0,0.0,0.0,63.5,58.142857142857146
3734325352614.0,0.0,0.0,0.0,59.0,63.857142857142854
3734325352714.0,0.0,0.0,0.0,61.0,55.42857142857143
3734325352814.0,0.0,0.0,0.0,59.5,56.0
3734325352914.0,0.0,0.0,0.0,58.0,56.42857142857143
3734325353014.0,0.0,0.0,0.0,55.5,58.857142857142854
3734325353114.0,0.0,0.0,0.0,48.5,56.285714285714285
3734325353214.0,0.0,0.0,0.0,57.5,59.285714285714285
3734325353314.0,0.0,0.0,0.0,55.0,59.42857142857143
3734325353414.0,0.0,0.0,0.0,59.5,62.0
3734325353514.0,0.0,0.0,0.0,58.0,58.714285714285715
3734325353614.0,0.0,0.0,0.0,56.0,56.285714285714285
3734325353714.0,0.0,0.0,0.0,57.0,55.42857142857143
3734325353814.0,0.0,0.0,0.0,56.5,57.57142857142857
3734325353914.0,0.0,0.0,0.0,59.5,56.714285714285715
3734325354014.0,0.0,0.0,0.0,59.0,58.57142857142857
3734325354114.0,0.0,0.0,0.0,52.0,58.42857142857143
3734325354214.0,0.0,0.0,0.0,55.0,56.857142857142854
3734325354314.0,0.0,0.0,0.0,55.5,57.142857142857146
3734325354414.0,0.0,0.0,0.0,56.5,53.142857142857146
3734325354514.0,0.0,0.0,0.0,52.5,59.285714285714285
3734325354614.0,0.0,0.0,0.0,54.0,54.0
3734325354714.0,0.0,0.0,0.0,54.5,55.857142857142854
3734325354814.0,0.0,0.0,0.0,57.5,54.42857142857143
3734325354914.0,0.0,0.0,0.0,54.5,55.857142857142854
3734325355014.0,0.0,0.0,0.0,56.5,56.857142857142854
3734325355114.0,0.0,0.0,0.0,57.0,56.857142857142854
3734325355214.0,0.0,0.0,0.0,58.5,55.0
3734325355314.0,0.0,0.0,0.0,57.0,58.0
3734325355414.0,0.0,0.0,0.0,52.0,57.857142857142854
3734325355514.0,0.0,0.0,0.0,56.0,56.142857142857146
3734325355614.0,0.0,0.0,0.0,57.5,56.285714285714285
3734325355714.0,0.0,0.0,0.0,60.5,56.0
3734325355814.0,0.0,0.0,0.0,54.0,58.285714285714285
3734325355914.0,0.0,0.0,0.0,57.5,53.42857142857143
3734325356014.0,0.0,0.0,0.0,50.0,53.142857142857146
3734325356114.0,0.0,0.0,0.0,55.5,55.857142857142854
3734325356214.0,0.0,0.0,0.0,54.5,50.714285714285715
3734325356314.0,0.0,0.0,0.0,54.5,54.0
3734325356414.0,0.0,0.0,0.0,55.0,53.714285714285715
3734325356514.0,0.0,0.0,0.0,59.0,51.285714285714285
3734325356614.0,0.0,0.0,0.0,59.0,51.714285714285715
3734325356714.0,0.0,0.0,0.0,56.5,52.42857142857143
3734325356814.0,0.0,0.0,0.0,53.5,52.714285714285715
3734325356914.0,0.0,0.0,0.0,55.5,55.857142857142854
3734325357014.0,0.0,0.0,0.0,55.0,52.857142857142854
3734325357114.0,0.0,0.0,0.0,51.0,51.857142857142854
3734325357214.0,0.0,0.0,0.0,56.0,52.57142857142857
3734325357314.0,0.0,0.0,0.0,55.5,52.857142857142854
3734325357414.0,0.0,0.0,0.0,56.0,56.285714285714285
3734325357514.0,0.0,0.0,0.0,52.0,51.285714285714285
3734325357614.0,0.0,0.0,0.0,47.5,56.142857142857146
3734325357714.0,0.0,0.0,0.0,54.5,56.0
3734325357814.0,0.0,0.0,0.0,52.0,53.42857142857143
3734325357914.0,0.0,0.0,0.0,51.0,46.42857142857143
3734325358014.0,0.0,0.0,0.0,48.0,55.0
3734325358114.0,0.0,0.0,0.0,56.5,55.285714285714285
3734325358214.0,0.0,0.0,0.0,53.0,54.42857142857143
3734325358314.0,0.0,0.0,0.0,51.0,56.857142857142854
3734325358414.0,0.0,0.0,0.0,54.5,55.42857142857143
3734325358514.0,0.0,0.0,0.0,51.0,51.0
3734325358614.0,0.0,0.0,0.0,53.0,50.285714285714285
3734325358714.0,0.0,0.0,0.0,55.0,54.142857142857146
3734325358814.0,0.0,0.0,0.0,53.0,52.0
3734325358914.0,0.0,0.0,0.0,58.0,50.42857142857143
3734325359014.0,0.0,0.0,0.0,51.0,49.857142857142854
3734325359114.0,0.0,0.0,0.0,54.0,52.285714285714285
3734325359214.0,0.0,0.0,0.0,50.0,51.857142857142854
3734325359314.0,0.0,0.0,0.0,53.5,56.0
3734325359414.0,0.0,0.0,0.0,48.5,52.285714285714285
3734325359514.0,0.0,0.0,0.0,57.0,54.42857142857143
3734325359614.0,0.0,0.0,0.0,47.5,52.57142857142857
3734325359714.0,0.0,0.0,0.0,53.5,51.142857142857146
3734325359814.0,0.0,0.0,0.0,51.0,51.857142857142854
3734325359914.0,0.0,0.0,0.0,51.5,51.57142857142857
3734325360014.0,0.0,0.0,0.0,54.0,58.0
3734325360114.0,0.0,0.0,0.0,54.0,53.142857142857146
3734325360214.0,0.0,0.0,0.0,47.5,49.142857142857146
3734325360314.0,0.0,0.0,0.0,49.5,46.142857142857146
3734325360414.0,0.0,0.0,0.0,56.5,49.57142857142857
3734325360514.0,0.0,0.0,0.0,51.0,53.57142857142857
3734325360614.0,0.0,0.0,0.0,49.5,52.142857142857146
3734325360714.0,0.0,0.0,0.0,54.0,52.57142857142857
3734325360814.0,0.0,0.0,0.0,47.5,55.714285714285715
3734325360914.0,0.0,0.0,0.0,50.0,48.0
3734325361014.0,0.0,0.0,0.0,53.5,52.0
3734325361114.0,0.0,0.0,0.0,54.0,53.857142857142854
3734325361214.0,0.0,0.0,0.0,47.5,52.714285714285715
3734325361314.0,0.0,0.0,0.0,52.5,54.57142857142857
3734325361414.0,0.0,0.0,0.0,53.0,46.714285714285715
3734325361514.0,0.0,0.0,0.0,55.0,50.42857142857143
3734325361614.0,0.0,0.0,0.0,53.0,47.714285714285715
3734325361714.0,0.0,0.0,0.0,51.0,49.0
3734325361814.0,0.0,0.0,0.0,57.5,51.285714285714285
3734325361914.0,0.0,0.0,0.0,55.0,49.857142857142854
3734325362014.0,0.0,0.0,0.0,57.5,52.57142857142857
3734325362114.0,0.0,0.0,0.0,54.0,50.857142857142854
3734325362214.0,0.0,0.0,0.0,53.0,52.42857142857143
3734325362314.0,0.0,0.0,0.0,58.0,50.57142857142857
3734325362414.0,0.0,0.0,0.0,52.0,51.857142857142854
3734325362514.0,0.0,0.0,0.0,47.0,53.285714285714285
3734325362614.0,0.0,0.0,0.0,58.0,53.285714285714285
3734325362714.0,0.0,0.0,0.0,48.5,50.142857142857146
3734325362814.0,0.0,0.0,0.0,53.5,52.57142857142857
3734325362914.0,0.0,0.0,0.0,48.5,46.57142857142857
3734325363014.0,0.0,0.0,0.0,50.5,50.857142857142854
3734325363114.0,0.0,0.0,0.0,49.0,53.0
3734325363214.0,0.0,0.0,0.0,54.5,52.42857142857143
3734325363314.0,0.0,0.0,0.0,52.5,51.857142857142854
3734325363414.0,0.0,0.0,0.0,55.5,55.57142857142857
3734325363514.0,0.0,0.0,0.0,51.5,51.42857142857143
3734325363614.0,0.0,0.0,0.0,53.0,51.857142857142854
3734325363714.0,0.0,0.0,0.0,55.5,53.142857142857146
3734325363814.0,0.0,0.0,0.0,52.0,54.42857142857143
3734325363914.0,0.0,0.0,0.0,54.0,46.285714285714285
3734325364014.0,0.0,0.0,0.0,51.0,51.857142857142854
3734325364114.0,0.0,0.0,0.0,51.5,48.0
3734325364214.0,0.0,0.0,0.0,45.0,54.285714285714285
3734325364314.0,0.0,0.0,0.0,54.5,51.857142857142854
3734325364414.0,0.0,0.0,0.0,49.5,57.142857142857146
3734325364514.0,0.0,0.0,0.0,52.0,50.714285714285715
3734325364614.0,0.0,0.0,0.0,47.5,51.42857142857143
3734325364714.0,0.0,0.0,0.0,55.0,51.0
3734325364814.0,0.0,0.0,0.0,56.5,50.142857142857146
3734325364914.0,0.0,0.0,0.0,54.5,50.0
3734325365014.0,0.0,0.0,0.0,50.0,52.42857142857143
3734325365114.0,0.0,0.0,0.0,55.0,54.714285714285715
3734325365214.0,0.0,0.0,0.0,51.0,52.0
3734325365314.0,0.0,0.0,0.0,55.0,50.714285714285715
3734325365414.0,0.0,0.0,0.0,56.5,55.142857142857146
3734325365514.0,0.0,0.0,0.0,57.5,51.0
3734325365614.0,0.0,0.0,0.0,50.0,55.0
3734325365714.0,0.0,0.0,0.0,57.0,53.142857142857146
3734325365814.0,0.0,0.0,0.0,50.5,53.142857142857146
3734325365914.0,0.0,0.0,0.0,41.5,51.142857142857146
3734325366014.0,0.0,0.0,0.0,52.0,48.857142857142854
3734325366114.0,0.0,0.0,0.0,47.5,47.42857142857143
3734325366214.0,0.0,0.0,0.0,49.0,49.0
3734325366314.0,0.0,0.0,0.0,52.0,50.142857142857146
3734325366414.0,0.0,0.0,0.0,51.0,52.714285714285715
3734325366514.0,0.0,0.0,0.0,51.5,49.42857142857143
3734325366614.0,0.0,0.0,0.0,53.0,56.57142857142857
3734325366714.0,0.0,0.0,0.0,51.0,50.42857142857143
3734325366814.0,0.0,0.0,0.0,48.0,55.285714285714285
3734325366914.0,0.0,0.0,0.0,53.0,48.714285714285715
3734325367014.0,0.0,0.0,0.0,49.0,51.714285714285715
3734325367114.0,0.0,0.0,0.0,49.0,52.42857142857143
3734325367214.0,0.0,0.0,0.0,48.5,51.0
3734325367314.0,0.0,0.0,0.0,52.0,50.42857142857143
3734325367414.0,0.0,0.0,0.0,49.0,52.857142857142854
3734325367514.0,0.0,0.0,0.0,49.0,47.714285714285715
3734325367614.0,0.0,0.0,0.0,55.5,50.714285714285715
3734325367714.0,0.0,0.0,0.0,49.5,56.142857142857146
3734325367814.0,0.0,0.0,0.0,55.5,51.142857142857146
3734325367914.0,0.0,0.0,0.0,58.0,53.142857142857146
3734325368014.0,0.0,0.0,0.0,48.0,50.57142857142857
3734325368114.0,0.0,0.0,0.0,53.0,51.142857142857146
3734325368214.0,0.0,0.0,0.0,54.0,51.42857142857143
3734325368314.0,0.0,0.0,0.0,48.5,51.42857142857143
3734325368414.0,0.0,0.0,0.0,48.0,50.714285714285715
3734325368514.0,0.0,0.0,0.0,50.5,49.714285714285715
3734325368614.0,0.0,0.0,0.0,52.0,49.0
3734325368714.0,0.0,0.0,0.0,45.5,51.857142857142854
3734325368814.0,0.0,0.0,0.0,55.5,50.142857142857146
3734325368914.0,0.0,0.0,0.0,48.0,49.42857142857143
3734325369014.0,0.0,0.0,0.0,47.0,51.142857142857146
3734325369114.0,0.0,0.0,0.0,55.0,53.57142857142857
3734325369214.0,0.0,0.0,0.0,55.0,51.57142857142857
3734325369314.0,0.0,0.0,0.0,43.0,50.857142857142854
3734325369414.0,0.0,0.0,0.0,51.0,50.285714285714285
3734325369514.0,0.0,0.0,0.0,57.5,55.285714285714285
3734325369614.0,0.0,0.0,0.0,50.0,55.714285714285715
3734325369714.0,0.0,0.0,0.0,53.0,54.0
3734325369814.0,0.0,0.0,0.0,57.0,51.57142857142857
3734325369914.0,0.0,0.0,0.0,57.5,52.285714285714285
3734325370014.0,0.0,0.0,0.0,51.5,51.857142857142854
3734325370114.0,0.0,0.0,0.0,49.0,52.42857142857143
3734325370214.0,0.0,0.0,0.0,53.0,56.142857142857146
3734325370314.0,0.0,0.0,0.0,50.5,52.42857142857143
3734325370414.0,0.0,0.0,0.0,51.0,53.57142857142857
3734325370514.0,0.0,0.0,0.0,48.5,53.57142857142857
3734325370614.0,0.0,0.0,0.0,48.5,55.57142857142857
3734325370714.0,0.0,0.0,0.0,59.0,54.142857142857146
3734325370814.0,0.0,0.0,0.0,52.5,58.714285714285715
3734325370914.0,0.0,0.0,0.0,50.5,56.0
3734325371014.0,0.0,0.0,0.0,60.0,53.142857142857146
3734325371114.0,0.0,0.0,0.0,53.0,51.857142857142854
3734325371214.0,0.0,0.0,0.0,48.5,54.285714285714285
3734325371314.0,0.0,0.0,0.0,56.0,54.285714285714285
3734325371414.0,0.0,0.0,0.0,55.0,53.714285714285715
3734325371514.0,0.0,0.0,0.0,48.5,52.57142857142857
3734325371614.0,0.0,0.0,0.0,52.5,53.714285714285715
3734325371714.0,0.0,0.0,0.0,57.0,54.0
3734325371814.0,0.0,0.0,0.0,55.5,51.57142857142857
3734325371914.0,0.0,0.0,0.0,54.5,53.714285714285715
3734325372014.0,0.0,0.0,0.0,56.5,51.57142857142857
3734325372114.0,0.0,0.0,0.0,49.5,47.714285714285715
3734325372214.0,0.0,0.0,0.0,54.0,50.714285714285715
3734325372314.0,0.0,0.0,0.0,53.0,52.57142857142857
3734325372414.0,0.0,0.0,0.0,49.5,53.0
3734325372514.0,0.0,0.0,0.0,54.0,51.285714285714285
3734325372614.0,0.0,0.0,0.0,53.5,51.714285714285715
3734325372714.0,0.0,0.0,0.0,47.5,52.42857142857143
3734325372814.0,0.0,0.0,0.0,55.0,53.142857142857146
3734325372914.0,0.0,0.0,0.0,53.5,53.857142857142854
3734325373014.0,0.0,0.0,0.0,51.5,51.142857142857146
3734325373114.0,0.0,0.0,0.0,55.0,52.142857142857146
3734325373214.0,0.0,0.0,0.0,47.5,50.714285714285715
3734325373314.0,0.0,0.0,0.0,59.0,53.57142857142857
3734325373414.0,0.0,0.0,0.0,58.0,51.857142857142854
3734325373514.0,0.0,0.0,0.0,53.0,54.42857142857143
3734325373614.0,0.0,0.0,0.0,53.0,53.714285714285715
3734325373714.0,0.0,0.0,0.0,52.0,50.42857142857143
3734325373814.0,0.0,0.0,0.0,48.0,47.285714285714285
3734325373914.0,0.0,0.0,0.0,49.0,52.857142857142854
3734325374014.0,0.0,0.0,0.0,53.0,51.285714285714285
3734325374114.0,0.0,0.0,0.0,50.0,49.714285714285715
3734325374214.0,0.0,0.0,0.0,49.0,52.42857142857143
3734325374314.0,0.0,0.0,0.0,58.5,50.42857142857143
3734325374414.0,0.0,0.0,0.0,48.0,46.0
3734325374514.0,0.0,0.0,0.0,47.0,51.57142857142857
3734325374614.0,0.0,0.0,0.0,51.5,51.714285714285715
3734325374714.0,0.0,0.0,0.0,52.5,54.0
3734325374814.0,0.0,0.0,0.0,49.5,55.285714285714285
3734325374914.0,0.0,0.0,0.0,56.5,49.285714285714285
3734325375014.0,0.0,0.0,0.0,50.5,48.57142857142857
3734325375114.0,0.0,0.0,0.0,51.5,53.42857142857143
3734325375214.0,0.0,0.0,0.0,48.5,47.857142857142854
3734325375314.0,0.0,0.0,0.0,47.0,50.285714285714285
3734325375414.0,0.0,0.0,0.0,59.5,51.285714285714285
3734325375514.0,0.0,0.0,0.0,57.5,52.57142857142857
3734325375614.0,0.0,0.0,0.0,58.5,52.57142857142857
3734325375714.0,0.0,0.0,0.0,52.0,53.142857142857146
3734325375814.0,0.0,0.0,0.0,56.0,48.42857142857143
3734325375914.0,0.0,0.0,0.0,49.5,54.0
3734325376014.0,0.0,0.0,0.0,55.0,50.57142857142857
3734325376114.0,0.0,0.0,0.0,52.5,54.857142857142854
3734325376214.0,0.0,0.0,0.0,48.0,50.0
3734325376314.0,0.0,0.0,0.0,51.5,51.285714285714285
3734325376414.0,0.0,0.0,0.0,53.5,47.857142857142854
3734325376514.0,0.0,0.0,0.0,48.5,48.714285714285715
3734325376614.0,0.0,0.0,0.0,46.5,48.857142857142854
3734325376714.0,0.0,0.0,0.0,56.5,53.142857142857146
3734325376814.0,0.0,0.0,0.0,48.5,50.857142857142854
3734325376914.0,0.0,0.0,0.0,52.5,53.0
3734325377014.0,0.0,0.0,0.0,60.5,51.857142857142854
3734325377114.0,0.0,0.0,0.0,49.0,53.0
3734325377214.0,0.0,0.0,0.0,50.5,53.57142857142857
3734325377314.0,0.0,0.0,0.0,50.0,52.0
3734325377414.0,0.0,0.0,0.0,55.5,53.285714285714285
3734325377514.0,0.0,0.0,0.0,55.0,53.857142857142854
3734325377614.0,0.0,0.0,0.0,57.0,52.714285714285715
3734325377714.0,0.0,0.0,0.0,50.0,52.42857142857143
3734325377814.0,0.0,0.0,0.0,50.5,49.142857142857146
3734325377914.0,0.0,0.0,0.0,51.0,46.857142857142854
3734325378014.0,0.0,0.0,0.0,52.5,48.285714285714285
3734325378114.0,0.0,0.0,0.0,44.0,48.42857142857143
3734325378214.0,0.0,0.0,0.0,45.5,47.285714285714285
3734325378314.0,0.0,0.0,0.0,51.0,48.714285714285715
3734325378414.0,0.0,0.0,0.0,54.5,52.0
3734325378514.0,0.0,0.0,0.0,50.5,50.0
3734325378614.0,0.0,0.0,0.0,50.5,52.57142857142857
3734325378714.0,0.0,0.0,0.0,46.0,47.0
3734325378814.0,0.0,0.0,0.0,49.5,50.857142857142854
3734325378914.0,0.0,0.0,0.0,56.0,54.142857142857146
3734325379014.0,0.0,0.0,0.0,51.0,53.285714285714285
3734325379114.0,0.0,0.0,0.0,50.0,52.857142857142854
3734325379214.0,0.0,0.0,0.0,60.0,50.0
3734325379314.0,0.0,0.0,0.0,46.5,53.57142857142857
3734325379414.0,0.0,0.0,0.0,52.5,49.57142857142857
3734325379514.0,0.0,0.0,0.0,50.5,50.857142857142854
3734325379614.0,0.0,0.0,0.0,46.0,48.714285714285715
3734325379714.0,0.0,0.0,0.0,52.5,52.57142857142857
3734325379814.0,0.0,0.0,0.0,49.0,49.0
3734325379914.0,0.0,0.0,0.0,46.0,51.0
3734325380014.0,0.0,0.0,0.0,54.5,52.57142857142857
3734325380114.0,0.0,0.0,0.0,55.5,50.42857142857143
3734325380214.0,0.0,0.0,0.0,48.5,52.285714285714285
3734325380314.0,0.0,0.0,0.0,51.5,55.857142857142854
3734325380414.0,0.0,0.0,0.0,50.5,52.42857142857143
3734325380514.0,0.0,0.0,0.0,55.0,51.857142857142854
3734325380614.0,0.0,0.0,0.0,52.5,50.714285714285715
3734325380714.0,0.0,0.0,0.0,50.5,52.42857142857143
3734325380814.0,0.0,0.0,0.0,53.0,51.42857142857143
3734325380914.0,0.0,0.0,0.0,48.0,50.0
3734325381014.0,0.0,0.0,0.0,55.0,52.142857142857146
3734325381114.0,0.0,0.0,0.0,52.0,54.42857142857143
3734325381214.0,0.0,0.0,0.0,58.0,50.142857142857146
3734325381314.0,0.0,0.0,0.0,48.0,49.857142857142854
3734325381414.0,0.0,0.0,0.0,48.5,52.714285714285715
3734325381514.0,0.0,0.0,0.0,51.0,54.142857142857146
3734325381614.0,0.0,0.0,0.0,51.0,53.0
3734325381714.0,0.0,0.0,0.0,55.0,53.57142857142857
3734325381814.0,0.0,0.0,0.0,57.0,54.142857142857146
3734325381914.0,0.0,0.0,0.0,55.5,54.714285714285715
3734325382014.0,0.0,0.0,0.0,54.5,52.857142857142854
3734325382114.0,0.0,0.0,0.0,54.5,55.857142857142854
3734325382214.0,0.0,0.0,0.0,54.5,54.142857142857146
3734325382314.0,0.0,0.0,0.0,52.0,52.42857142857143
3734325382414.0,0.0,0.0,0.0,53.5,56.0
3734325382514.0,0.0,0.0,0.0,52.0,54.857142857142854
3734325382614.0,0.0,0.0,0.0,49.5,54.857142857142854
3734325382714.0,0.0,0.0,0.0,52.0,51.285714285714285
3734325382814.0,0.0,0.0,0.0,57.5,51.42857142857143
3734325382914.0,0.0,0.0,0.0,46.0,52.857142857142854
3734325383014.0,0.0,0.0,0.0,53.0,49.285714285714285
3734325383114.0,0.0,0.0,0.0,48.5,52.142857142857146
3734325383214.0,0.0,0.0,0.0,51.0,50.285714285714285
3734325383314.0,0.0,0.0,0.0,50.5,53.142857142857146
3734325383414.0,0.0,0.0,0.0,53.0,55.714285714285715
3734325383514.0,0.0,0.0,0.0,51.5,53.57142857142857
3734325383614.0,0.0,0.0,0.0,59.0,51.42857142857143
3734325383714.0,0.0,0.0,0.0,49.0,58.714285714285715
3734325383814.0,0.0,0.0,0.0,54.5,53.285714285714285
3734325383914.0,0.0,0.0,0.0,56.0,55.857142857142854
3734325384014.0,0.0,0.0,0.0,52.5,54.42857142857143
3734325384114.0,0.0,0.0,0.0,53.0,52.0
3734325384214.0,0.0,0.0,0.0,53.5,50.57142857142857
3734325384314.0,0.0,0.0,0.0,52.5,54.714285714285715
3734325384414.0,0.0,0.0,0.0,58.0,56.0
3734325384514.0,0.0,0.0,0.0,55.5,55.0
3734325384614.0,0.0,0.0,0.0,51.0,51.57142857142857
3734325384714.0,0.0,0.0,0.0,56.5,54.142857142857146
3734325384814.0,0.0,0.0,0.0,50.0,52.714285714285715
3734325384914.0,0.0,0.0,0.0,58.0,56.142857142857146
3734325385014.0,0.0,0.0,0.0,62.5,55.714285714285715
3734325385114.0,0.0,0.0,0.0,54.5,51.714285714285715
3734325385214.0,0.0,0.0,0.0,51.5,51.714285714285715
3734325385314.0,0.0,0.0,0.0,54.0,54.0
3734325385414.0,0.0,0.0,0.0,61.0,53.57142857142857
3734325385514.0,0.0,0.0,0.0,54.0,51.57142857142857
3734325385614.0,0.0,0.0,0.0,56.0,55.857142857142854
3734325385714.0,0.0,0.0,0.0,54.5,55.0
3734325385814.0,0.0,0.0,0.0,60.5,56.857142857142854
3734325385914.0,0.0,0.0,0.0,49.0,52.714285714285715
3734325386014.0,0.0,0.0,0.0,56.0,53.857142857142854
3734325386114.0,0.0,0.0,0.0,61.0,55.0
3734325386214.0,0.0,0.0,0.0,64.5,57.0
3734325386314.0,0.0,0.0,0.0,49.0,55.57142857142857
3734325386414.0,0.0,0.0,0.0,50.5,57.142857142857146
3734325386514.0,0.0,0.0,0.0,52.5,52.285714285714285
3734325386614.0,0.0,0.0,0.0,50.5,54.0
3734325386714.0,0.0,0.0,0.0,59.0,53.714285714285715
3734325386814.0,0.0,0.0,0.0,53.5,54.285714285714285
3734325386914.0,0.0,0.0,0.0,55.5,57.57142857142857
3734325387014.0,0.0,0.0,0.0,49.0,54.285714285714285
3734325387114.0,0.0,0.0,0.0,48.5,52.714285714285715
3734325387214.0,0.0,0.0,0.0,52.5,52.142857142857146
3734325387314.0,0.0,0.0,0.0,52.0,55.285714285714285
3734325387414.0,0.0,0.0,0.0,52.5,55.57142857142857
3734325387514.0,0.0,0.0,0.0,53.0,56.42857142857143
3734325387614.0,0.0,0.0,0.0,56.0,58.714285714285715
3734325387714.0,0.0,0.0,0.0,57.0,54.714285714285715
3734325387814.0,0.0,0.0,0.0,52.5,52.285714285714285
3734325387914.0,0.0,0.0,0.0,57.0,51.285714285714285
3734325388014.0,0.0,0.0,0.0,57.5,51.857142857142854
3734325388114.0,0.0,0.0,0.0,59.5,57.42857142857143
3734325388214.0,0.0,0.0,0.0,56.5,53.42857142857143
3734325388314.0,0.0,0.0,0.0,47.5,52.0
3734325388414.0,0.0,0.0,0.0,51.0,53.0
3734325388514.0,0.0,0.0,0.0,57.5,55.0
3734325388614.0,0.0,0.0,0.0,61.5,54.0
3734325388714.0,0.0,0.0,0.0,61.5,55.42857142857143
3734325388814.0,0.0,0.0,0.0,48.5,53.714285714285715
3734325388914.0,0.0,0.0,0.0,54.0,53.142857142857146
3734325389014.0,0.0,0.0,0.0,50.5,52.57142857142857
3734325389114.0,0.0,0.0,0.0,50.5,54.285714285714285
3734325389214.0,0.0,0.0,0.0,52.0,52.0
3734325389314.0,0.0,0.0,0.0,55.0,49.57142857142857
3734325389414.0,0.0,0.0,0.0,57.5,54.142857142857146
3734325389514.0,0.0,0.0,0.0,57.5,56.285714285714285
3734325389614.0,0.0,0.0,0.0,52.5,57.714285714285715
3734325389714.0,0.0,0.0,0.0,52.5,57.142857142857146
3734325389814.0,0.0,0.0,0.0,53.0,53.42857142857143
3734325389914.0,0.0,0.0,0.0,56.0,48.714285714285715
3734325390014.0,0.0,0.0,0.0,58.0,57.142857142857146
3734325390114.0,0.0,0.0,0.0,57.5,54.42857142857143
3734325390214.0,0.0,0.0,0.0,56.0,54.285714285714285
3734325390314.0,0.0,0.0,0.0,50.5,56.714285714285715
3734325390414.0,0.0,0.0,0.0,57.5,54.42857142857143
3734325390514.0,0.0,0.0,0.0,54.0,52.857142857142854
3734325390614.0,0.0,0.0,0.0,50.0,55.857142857142854
3734325390714.0,0.0,0.0,0.0,57.0,52.57142857142857
3734325390814.0,0.0,0.0,0.0,55.0,51.857142857142854
3734325390914.0,0.0,0.0,0.0,54.5,56.57142857142857
3734325391014.0,0.0,0.0,0.0,53.5,54.285714285714285
3734325391114.0,0.0,0.0,0.0,59.0,53.0
3734325391214.0,0.0,0.0,0.0,54.5,58.57142857142857
3734325391314.0,0.0,0.0,0.0,55.0,54.0
3734325391414.0,0.0,0.0,0.0,57.0,52.57142857142857
3734325391514.0,0.0,0.0,0.0,52.0,54.142857142857146
3734325391614.0,0.0,0.0,0.0,58.5,57.42857142857143
3734325391714.0,0.0,0.0,0.0,55.5,54.57142857142857
3734325391814.0,0.0,0.0,0.0,51.5,50.714285714285715
3734325391914.0,0.0,0.0,0.0,54.5,52.57142857142857
3734325392014.0,0.0,0.0,0.0,54.0,51.285714285714285
3734325392114.0,0.0,0.0,0.0,56.0,55.42857142857143
3734325392214.0,0.0,0.0,0.0,48.0,53.857142857142854
3734325392314.0,0.0,0.0,0.0,55.0,51.42857142857143
3734325392414.0,0.0,0.0,0.0,58.0,55.714285714285715
3734325392514.0,0.0,0.0,0.0,58.0,58.142857142857146
3734325392614.0,0.0,0.0,0.0,59.0,56.714285714285715
3734325392714.0,0.0,0.0,0.0,51.5,54.285714285714285
3734325392814.0,0.0,0.0,0.0,55.0,55.142857142857146
3734325392914.0,0.0,0.0,0.0,60.0,54.714285714285715
3734325393014.0,0.0,0.0,0.0,53.5,57.142857142857146
3734325393114.0,0.0,0.0,0.0,56.5,56.285714285714285
3734325393214.0,0.0,0.0,0.0,55.0,54.42857142857143
3734325393314.0,0.0,0.0,0.0,54.0,53.285714285714285
3734325393414.0,0.0,0.0,0.0,53.5,53.714285714285715
3734325393514.0,0.0,0.0,0.0,56.0,54.714285714285715
3734325393614.0,0.0,0.0,0.0,57.0,55.42857142857143
3734325393714.0,0.0,0.0,0.0,65.0,52.42857142857143
3734325393814.0,0.0,0.0,0.0,57.0,53.0
3734325393914.0,0.0,0.0,0.0,55.5,56.0
3734325394014.0,0.0,0.0,0.0,54.5,57.285714285714285
3734325394114.0,0.0,0.0,0.0,57.5,51.0
3734325394214.0,0.0,0.0,0.0,58.0,53.57142857142857
3734325394314.0,0.0,0.0,0.0,60.0,55.142857142857146
3734325394414.0,0.0,0.0,0.0,55.0,51.714285714285715
3734325394514.0,0.0,0.0,0.0,55.0,55.0
3734325394614.0,0.0,0.0,0.0,59.5,55.42857142857143
3734325394714.0,0.0,0.0,0.0,58.0,54.857142857142854
3734325394814.0,0.0,0.0,0.0,49.0,57.857142857142854
3734325394914.0,0.0,0.0,0.0,55.0,52.142857142857146
3734325395014.0,0.0,0.0,0.0,57.0,56.0
3734325395114.0,0.0,0.0,0.0,57.0,52.142857142857146
3734325395214.0,0.0,0.0,0.0,50.5,52.857142857142854
3734325395314.0,0.0,0.0,0.0,55.0,55.285714285714285
3734325395414.0,0.0,0.0,0.0,53.5,57.0
3734325395514.0,0.0,0.0,0.0,54.0,54.142857142857146
3734325395614.0,0.0,0.0,0.0,51.0,52.285714285714285
3734325395714.0,0.0,0.0,0.0,54.5,58.42857142857143
3734325395814.0,0.0,0.0,0.0,57.0,56.142857142857146
3734325395914.0,0.0,0.0,0.0,56.0,54.57142857142857
3734325396014.0,0.0,0.0,0.0,56.0,55.57142857142857
3734325396114.0,0.0,0.0,0.0,48.5,55.142857142857146
3734325396214.0,0.0,0.0,0.0,55.0,55.0
3734325396314.0,0.0,0.0,0.0,55.0,60.0
3734325396414.0,0.0,0.0,0.0,54.0,58.285714285714285
3734325396514.0,0.0,0.0,0.0,52.5,58.42857142857143
3734325396614.0,0.0,0.0,0.0,63.5,54.0
3734325396714.0,0.0,0.0,0.0,54.5,55.42857142857143
3734325396814.0,0.0,0.0,0.0,54.0,57.42857142857143
3734325396914.0,0.0,0.0,0.0,56.5,55.857142857142854
3734325397014.0,0.0,0.0,0.0,55.0,51.42857142857143
3734325397114.0,0.0,0.0,0.0,50.0,54.142857142857146
3734325397214.0,0.0,0.0,0.0,54.5,55.0
3734325397314.0,0.0,0.0,0.0,59.0,51.42857142857143
3734325397414.0,0.0,0.0,0.0,54.5,55.714285714285715
3734325397514.0,0.0,0.0,0.0,49.0,56.57142857142857
3734325397614.0,0.0,0.0,0.0,51.0,53.142857142857146
3734325397714.0,0.0,0.0,0.0,56.5,53.857142857142854
3734325397814.0,0.0,0.0,0.0,52.0,53.857142857142854
3734325397914.0,0.0,0.0,0.0,58.0,52.57142857142857
3734325398014.0,0.0,0.0,0.0,55.0,53.285714285714285
3734325398114.0,0.0,0.0,0.0,55.5,53.285714285714285
3734325398214.0,0.0,0.0,0.0,55.0,50.285714285714285
3734325398314.0,0.0,0.0,0.0,53.5,53.142857142857146
3734325398414.0,0.0,0.0,0.0,46.5,53.0
3734325398514.0,0.0,0.0,0.0,55.0,57.142857142857146
3734325398614.0,0.0,0.0,0.0,55.0,53.714285714285715
3734325398714.0,0.0,0.0,0.0,56.0,53.142857142857146
3734325398814.0,0.0,0.0,0.0,58.5,52.714285714285715
3734325398914.0,0.0,0.0,0.0,59.5,52.42857142857143
3734325399014.0,0.0,0.0,0.0,53.0,51.42857142857143
3734325399114.0,0.0,0.0,0.0,48.5,55.714285714285715
3734325399214.0,0.0,0.0,0.0,55.5,55.285714285714285
3734325399314.0,0.0,0.0,0.0,53.5,56.57142857142857
3734325399414.0,0.0,0.0,0.0,53.5,55.714285714285715
3734325399514.0,0.0,0.0,0.0,52.5,53.857142857142854
3734325399614.0,0.0,0.0,0.0,54.0,54.142857142857146
3734325399714.0,0.0,0.0,0.0,56.0,52.285714285714285
3734325399814.0,0.0,0.0,0.0,52.5,51.285714285714285
3734325399914.0,0.0,0.0,0.0,59.0,52.57142857142857
3734325400014.0,0.0,0.0,0.0,50.5,56.714285714285715
3734325400114.0,0.0,0.0,0.0,60.5,54.0
3734325400214.0,0.0,0.0,0.0,57.0,55.285714285714285
3734325400314.0,0.0,0.0,0.0,57.5,55.285714285714285
3734325400414.0,0.0,0.0,0.0,51.5,50.285714285714285
3734325400514.0,0.0,0.0,0.0,57.0,55.0
3734325400614.0,0.0,0.0,0.0,55.5,54.285714285714285
3734325400714.0,0.0,0.0,0.0,56.5,53.857142857142854
3734325400814.0,0.0,0.0,0.0,50.0,54.285714285714285
3734325400914.0,0.0,0.0,0.0,54.0,52.42857142857143
3734325401014.0,0.0,0.0,0.0,50.5,54.42857142857143
3734325401114.0,0.0,0.0,0.0,53.0,52.57142857142857
3734325401214.0,0.0,0.0,0.0,55.0,52.857142857142854
3734325401314.0,0.0,0.0,0.0,48.0,54.42857142857143
3734325401414.0,0.0,0.0,0.0,48.5,54.285714285714285
3734325401514.0,0.0,0.0,0.0,54.5,53.714285714285715
3734325401614.0,0.0,0.0,0.0,54.0,54.42857142857143
3734325401714.0,0.0,0.0,0.0,56.5,51.714285714285715
3734325401814.0,0.0,0.0,0.0,55.5,51.57142857142857
3734325401914.0,0.0,0.0,0.0,54.5,53.714285714285715
3734325402014.0,0.0,0.0,0.0,55.0,52.857142857142854
3734325402114.0,0.0,0.0,0.0,54.5,52.142857142857146
3734325402214.0,0.0,0.0,0.0,56.5,55.285714285714285
3734325402314.0,0.0,0.0,0.0,54.5,55.714285714285715
3734325402414.0,0.0,0.0,0.0,59.0,53.42857142857143
3734325402514.0,0.0,0.0,0.0,56.5,56.57142857142857
3734325402614.0,0.0,0.0,0.0,52.5,55.857142857142854
3734325402714.0,0.0,0.0,0.0,59.0,59.42857142857143
3734325402814.0,0.0,0.0,0.0,51.0,56.285714285714285
3734325402914.0,0.0,0.0,0.0,51.5,54.57142857142857
3734325403014.0,0.0,0.0,0.0,50.5,54.0
3734325403114.0,0.0,0.0,0.0,50.0,55.142857142857146
3734325403214.0,0.0,0.0,0.0,55.0,57.42857142857143
3734325403314.0,0.0,0.0,0.0,56.0,58.57142857142857
3734325403414.0,0.0,0.0,0.0,54.5,59.0
3734325403514.0,0.0,0.0,0.0,54.5,53.0
3734325403614.0,0.0,0.0,0.0,56.0,56.0
3734325403714.0,0.0,0.0,0.0,60.0,52.714285714285715
3734325403814.0,0.0,0.0,0.0,52.5,55.857142857142854
3734325403914.0,0.0,0.0,0.0,57.5,51.42857142857143
3734325404014.0,0.0,0.0,0.0,55.5,51.857142857142854
3734325404114.0,0.0,0.0,0.0,57.5,56.142857142857146
3734325404214.0,0.0,0.0,0.0,57.0,55.285714285714285
3734325404314.0,0.0,0.0,0.0,51.0,58.285714285714285
3734325404414.0,0.0,0.0,0.0,55.0,53.857142857142854
3734325404514.0,0.0,0.0,0.0,53.5,54.0
3734325404614.0,0.0,0.0,0.0,53.0,52.57142857142857
3734325404714.0,0.0,0.0,0.0,52.5,53.285714285714285
3734325404814.0,0.0,0.0,0.0,55.0,52.57142857142857
3734325404914.0,0.0,0.0,0.0,55.0,54.0
3734325405014.0,0.0,0.0,0.0,58.5,54.0
3734325405114.0,0.0,0.0,0.0,56.5,55.285714285714285
3734325405214.0,0.0,0.0,0.0,55.0,56.0
3734325405314.0,0.0,0.0,0.0,49.5,52.42857142857143
3734325405414.0,0.0,0.0,0.0,58.0,55.57142857142857
3734325405514.0,0.0,0.0,0.0,57.0,57.142857142857146
3734325405614.0,0.0,0.0,0.0,54.0,53.285714285714285
3734325405714.0,0.0,0.0,0.0,47.5,51.714285714285715
3734325405814.0,0.0,0.0,0.0,58.0,59.285714285714285
3734325405914.0,0.0,0.0,0.0,45.5,56.42857142857143
3734325406014.0,0.0,0.0,0.0,55.0,57.857142857142854
3734325406114.0,0.0,0.0,0.0,55.5,52.142857142857146
3734325406214.0,0.0,0.0,0.0,59.0,52.42857142857143
3734325406314.0,0.0,0.0,0.0,58.0,55.142857142857146
3734325406414.0,0.0,0.0,0.0,53.0,52.42857142857143
3734325406514.0,0.0,0.0,0.0,53.0,55.285714285714285
3734325406614.0,0.0,0.0,0.0,49.5,55.285714285714285
3734325406714.0,0.0,0.0,0.0,55.5,54.42857142857143
3734325406814.0,0.0,0.0,0.0,51.5,55.57142857142857
3734325406914.0,0.0,0.0,0.0,61.0,52.285714285714285
3734325407014.0,0.0,0.0,0.0,53.0,52.285714285714285
3734325407114.0,0.0,0.0,0.0,60.5,52.714285714285715
3734325407214.0,0.0,0.0,0.0,58.0,55.142857142857146
3734325407314.0,0.0,0.0,0.0,51.0,54.57142857142857
3734325407414.0,0.0,0.0,0.0,59.0,55.142857142857146
3734325407514.0,0.0,0.0,0.0,56.5,53.57142857142857
3734325407614.0,0.0,0.0,0.0,59.0,54.57142857142857
3734325407714.0,0.0,0.0,0.0,54.5,52.857142857142854
3734325407814.0,0.0,0.0,0.0,54.0,55.0
3734325407914.0,0.0,0.0,0.0,61.0,56.42857142857143
3734325408014.0,0.0,0.0,0.0,59.5,55.714285714285715
3734325408114.0,0.0,0.0,0.0,49.5,56.142857142857146
3734325408214.0,0.0,0.0,0.0,55.0,52.857142857142854
3734325408314.0,0.0,0.0,0.0,56.0,53.42857142857143
3734325408414.0,0.0,0.0,0.0,50.5,53.42857142857143
3734325408514.0,0.0,0.0,0.0,58.0,51.142857142857146
3734325408614.0,0.0,0.0,0.0,52.0,52.714285714285715
3734325408714.0,0.0,0.0,0.0,48.0,50.57142857142857
3734325408814.0,0.0,0.0,0.0,53.5,54.42857142857143
3734325408914.0,0.0,0.0,0.0,59.0,54.285714285714285
3734325409014.0,0.0,0.0,0.0,56.5,56.142857142857146
3734325409114.0,0.0,0.0,0.0,59.0,59.142857142857146
3734325409214.0,0.0,0.0,0.0,52.0,52.42857142857143
3734325409314.0,0.0,0.0,0.0,53.0,56.0
3734325409414.0,0.0,0.0,0.0,60.0,50.57142857142857
3734325409514.0,0.0,0.0,0.0,55.0,56.0
3734325409614.0,0.0,0.0,0.0,57.5,54.857142857142854
3734325409714.0,0.0,0.0,0.0,57.0,56.0
3734325409814.0,0.0,0.0,0.0,56.5,56.42857142857143
3734325409914.0,0.0,0.0,0.0,55.0,50.57142857142857
3734325410014.0,0.0,0.0,0.0,57.0,57.0
3734325410114.0,0.0,0.0,0.0,48.5,58.57142857142857
3734325410214.0,0.0,0.0,0.0,50.0,55.142857142857146
3734325410314.0,0.0,0.0,0.0,50.5,56.714285714285715
3734325410414.0,0.0,0.0,0.0,55.5,54.285714285714285
3734325410514.0,0.0,0.0,0.0,57.0,55.57142857142857
3734325410614.0,0.0,0.0,0.0,53.5,56.0
3734325410714.0,0.0,0.0,0.0,56.0,55.0
3734325410814.0,0.0,0.0,0.0,58.0,51.285714285714285
3734325410914.0,0.0,0.0,0.0,57.5,50.857142857142854
3734325411014.0,0.0,0.0,0.0,55.5,61.142857142857146
3734325411114.0,0.0,0.0,0.0,57.5,52.857142857142854
3734325411214.0,0.0,0.0,0.0,54.5,54.57142857142857
3734325411314.0,0.0,0.0,0.0,50.5,52.57142857142857
3734325411414.0,0.0,0.0,0.0,58.5,55.285714285714285
3734325411514.0,0.0,0.0,0.0,59.5,54.57142857142857
3734325411614.0,0.0,0.0,0.0,54.5,52.714285714285715
3734325411714.0,0.0,0.0,0.0,64.0,59.857142857142854
3734325411814.0,0.0,0.0,0.0,63.5,56.57142857142857
3734325411914.0,0.0,0.0,0.0,59.0,55.57142857142857
3734325412014.0,0.0,0.0,0.0,60.5,57.57142857142857
3734325412114.0,0.0,0.0,0.0,55.0,55.285714285714285
3734325412214.0,0.0,0.0,0.0,59.5,55.0
3734325412314.0,0.0,0.0,0.0,57.0,57.857142857142854
3734325412414.0,0.0,0.0,0.0,57.0,54.714285714285715
3734325412514.0,0.0,0.0,0.0,55.0,54.42857142857143
3734325412614.0,0.0,0.0,0.0,57.0,52.42857142857143
3734325412714.0,0.0,0.0,0.0,63.0,54.285714285714285
3734325412814.0,0.0,0.0,0.0,50.5,56.42857142857143
3734325412914.0,0.0,0.0,0.0,57.0,56.285714285714285
3734325413014.0,0.0,0.0,0.0,48.0,58.857142857142854
3734325413114.0,0.0,0.0,0.0,53.0,55.57142857142857
3734325413214.0,0.0,0.0,0.0,58.5,56.857142857142854
3734325413314.0,0.0,0.0,0.0,56.0,54.142857142857146
3734325413414.0,0.0,0.0,0.0,53.5,57.57142857142857
3734325413514.0,0.0,0.0,0.0,56.0,58.857142857142854
3734325413614.0,0.0,0.0,0.0,54.5,54.714285714285715
3734325413714.0,0.0,0.0,0.0,60.0,58.285714285714285
3734325413814.0,0.0,0.0,0.0,60.0,52.285714285714285
3734325413914.0,0.0,0.0,0.0,56.5,55.857142857142854
3734325414014.0,0.0,0.0,0.0,57.0,58.57142857142857
3734325414114.0,0.0,0.0,0.0,57.0,55.57142857142857
3734325414214.0,0.0,0.0,0.0,56.5,57.42857142857143
3734325414314.0,0.0,0.0,0.0,50.0,53.0
3734325414414.0,0.0,0.0,0.0,59.0,55.42857142857143
3734325414514.0,0.0,0.0,0.0,53.5,53.285714285714285
3734325414614.0,0.0,0.0,0.0,47.5,54.714285714285715
3734325414714.0,0.0,0.0,0.0,50.5,56.42857142857143
3734325414814.0,0.0,0.0,0.0,58.5,55.0
3734325414914.0,0.0,0.0,0.0,56.0,52.714285714285715
3734325415014.0,0.0,0.0,0.0,55.5,56.57142857142857
3734325415114.0,0.0,0.0,0.0,52.5,55.42857142857143
3734325415214.0,0.0,0.0,0.0,45.5,56.285714285714285
3734325415314.0,0.0,0.0,0.0,56.5,57.714285714285715
3734325415414.0,0.0,0.0,0.0,53.0,57.714285714285715
3734325415514.0,0.0,0.0,0.0,54.5,57.142857142857146
3734325415614.0,0.0,0.0,0.0,54.5,54.285714285714285
3734325415714.0,0.0,0.0,0.0,58.5,51.0
3734325415814.0,0.0,0.0,0.0,54.0,52.857142857142854
3734325415914.0,0.0,0.0,0.0,58.5,55.0
3734325416014.0,0.0,0.0,0.0,53.0,53.142857142857146
3734325416114.0,0.0,0.0,0.0,48.5,56.42857142857143
3734325416214.0,0.0,0.0,0.0,58.0,53.57142857142857
