time_ms,SO2_pptv,off_cts_norm,on_cts_norm,off_lsr_pwr_V,on_lsr_pwr_V
3734765941124.0,0.0,0.0,0.0,55.0,59.57142857142857
3734765941224.0,0.0,0.0,0.0,59.5,60.42857142857143
3734765941324.0,0.0,0.0,0.0,57.5,60.714285714285715
3734765941424.0,0.0,0.0,0.0,64.0,62.42857142857143
3734765941524.0,0.0,0.0,0.0,65.0,60.857142857142854
3734765941624.0,0.0,0.0,0.0,55.5,60.142857142857146
3734765941724.0,0.0,0.0,0.0,53.5,57.42857142857143
3734765941824.0,0.0,0.0,0.0,66.5,57.142857142857146
3734765941924.0,0.0,0.0,0.0,61.0,60.42857142857143
3734765942024.0,0.0,0.0,0.0,54.0,54.142857142857146
3734765942124.0,0.0,0.0,0.0,51.0,55.285714285714285
3734765942224.0,0.0,0.0,0.0,60.0,59.285714285714285
3734765942324.0,0.0,0.0,0.0,61.0,58.285714285714285
3734765942424.0,0.0,0.0,0.0,64.5,61.42857142857143
3734765942524.0,0.0,0.0,0.0,61.5,64.85714285714286
3734765942624.0,0.0,0.0,0.0,59.0,55.57142857142857
3734765942724.0,0.0,0.0,0.0,67.0,59.0
3734765942824.0,0.0,0.0,0.0,59.5,55.857142857142854
3734765942924.0,0.0,0.0,0.0,56.0,58.142857142857146
3734765943024.0,0.0,0.0,0.0,57.0,57.857142857142854
3734765943124.0,0.0,0.0,0.0,57.5,61.285714285714285
3734765943224.0,0.0,0.0,0.0,57.5,61.285714285714285
3734765943324.0,0.0,0.0,0.0,61.0,61.57142857142857
3734765943424.0,0.0,0.0,0.0,58.0,59.0
3734765943524.0,0.0,0.0,0.0,65.0,60.42857142857143
3734765943624.0,0.0,0.0,0.0,56.0,59.285714285714285
3734765943724.0,0.0,0.0,0.0,63.0,60.857142857142854
3734765943824.0,0.0,0.0,0.0,64.5,59.42857142857143
3734765943924.0,0.0,0.0,0.0,63.0,58.285714285714285
3734765944024.0,0.0,0.0,0.0,60.5,58.142857142857146
3734765944124.0,0.0,0.0,0.0,64.0,56.42857142857143
3734765944224.0,0.0,0.0,0.0,58.5,54.714285714285715
3734765944324.0,0.0,0.0,0.0,56.0,59.142857142857146
3734765944424.0,0.0,0.0,0.0,57.0,62.857142857142854
3734765944524.0,0.0,0.0,0.0,66.0,58.857142857142854
3734765944624.0,0.0,0.0,0.0,59.0,56.714285714285715
3734765944724.0,0.0,0.0,0.0,66.0,59.42857142857143
3734765944824.0,0.0,0.0,0.0,54.0,57.142857142857146
3734765944924.0,0.0,0.0,0.0,61.5,58.714285714285715
3734765945024.0,0.0,0.0,0.0,64.5,63.857142857142854
3734765945124.0,0.0,0.0,0.0,56.0,61.285714285714285
3734765945224.0,0.0,0.0,0.0,61.0,56.714285714285715
3734765945324.0,0.0,0.0,0.0,61.5,57.285714285714285
3734765945424.0,0.0,0.0,0.0,64.5,55.285714285714285
3734765945524.0,0.0,0.0,0.0,61.0,55.857142857142854
3734765945624.0,0.0,0.0,0.0,58.5,60.857142857142854
3734765945724.0,0.0,0.0,0.0,61.0,57.285714285714285
3734765945824.0,0.0,0.0,0.0,53.0,60.57142857142857
3734765945924.0,0.0,0.0,0.0,57.5,57.714285714285715
3734765946024.0,0.0,0.0,0.0,54.0,60.857142857142854
3734765946124.0,0.0,0.0,0.0,53.0,62.285714285714285
3734765946224.0,0.0,0.0,0.0,55.0,58.57142857142857
3734765946324.0,0.0,0.0,0.0,56.0,58.857142857142854
3734765946424.0,0.0,0.0,0.0,59.0,58.285714285714285
3734765946524.0,0.0,0.0,0.0,59.0,57.285714285714285
3734765946624.0,0.0,0.0,0.0,52.5,57.285714285714285
3734765946724.0,0.0,0.0,0.0,56.0,53.0
3734765946824.0,0.0,0.0,0.0,59.0,54.857142857142854
3734765946924.0,0.0,0.0,0.0,56.0,60.285714285714285
3734765947024.0,0.0,0.0,0.0,57.5,60.42857142857143
3734765947124.0,0.0,0.0,0.0,54.5,55.42857142857143
3734765947224.0,0.0,0.0,0.0,60.5,56.857142857142854
3734765947324.0,0.0,0.0,0.0,63.0,53.714285714285715
3734765947424.0,0.0,0.0,0.0,60.0,55.0
3734765947524.0,0.0,0.0,0.0,58.0,55.714285714285715
3734765947624.0,0.0,0.0,0.0,57.0,61.0
3734765947724.0,0.0,0.0,0.0,56.0,55.142857142857146
3734765947824.0,0.0,0.0,0.0,55.0,53.0
3734765947924.0,0.0,0.0,0.0,52.0,57.142857142857146
3734765948024.0,0.0,0.0,0.0,58.5,58.0
3734765948124.0,0.0,0.0,0.0,60.5,55.857142857142854
3734765948224.0,0.0,0.0,0.0,56.5,58.285714285714285
3734765948324.0,0.0,0.0,0.0,54.5,55.857142857142854
3734765948424.0,0.0,0.0,0.0,56.0,56.142857142857146
3734765948524.0,0.0,0.0,0.0,55.0,60.57142857142857
3734765948624.0,0.0,0.0,0.0,61.5,52.285714285714285
3734765948724.0,0.0,0.0,0.0,57.0,53.57142857142857
3734765948824.0,0.0,0.0,0.0,54.0,54.857142857142854
3734765948924.0,0.0,0.0,0.0,58.0,55.857142857142854
3734765949024.0,0.0,0.0,0.0,55.5,54.57142857142857
3734765949124.0,0.0,0.0,0.0,50.5,56.42857142857143
3734765949224.0,0.0,0.0,0.0,54.0,58.142857142857146
3734765949324.0,0.0,0.0,0.0,48.5,57.0
3734765949424.0,0.0,0.0,0.0,56.0,57.42857142857143
3734765949524.0,0.0,0.0,0.0,63.5,57.857142857142854
3734765949624.0,0.0,0.0,0.0,59.5,55.142857142857146
3734765949724.0,0.0,0.0,0.0,59.0,57.285714285714285
3734765949824.0,0.0,0.0,0.0,51.5,56.57142857142857
3734765949924.0,0.0,0.0,0.0,54.5,54.57142857142857
3734765950024.0,0.0,0.0,0.0,45.0,52.57142857142857
3734765950124.0,0.0,0.0,0.0,58.5,58.714285714285715
3734765950224.0,0.0,0.0,0.0,55.5,56.57142857142857
3734765950324.0,0.0,0.0,0.0,59.5,53.714285714285715
3734765950424.0,0.0,0.0,0.0,56.5,58.142857142857146
3734765950524.0,0.0,0.0,0.0,56.5,56.42857142857143
3734765950624.0,0.0,0.0,0.0,48.5,59.142857142857146
3734765950724.0,0.0,0.0,0.0,56.5,58.42857142857143
3734765950824.0,0.0,0.0,0.0,60.5,59.714285714285715
3734765950924.0,0.0,0.0,0.0,56.0,60.714285714285715
3734765951024.0,0.0,0.0,0.0,66.5,58.285714285714285
3734765951124.0,0.0,0.0,0.0,61.0,57.285714285714285
3734765951224.0,0.0,0.0,0.0,55.0,58.857142857142854
3734765951324.0,0.0,0.0,0.0,59.0,61.142857142857146
3734765951424.0,0.0,0.0,0.0,63.0,53.857142857142854
3734765951524.0,0.0,0.0,0.0,60.5,54.42857142857143
3734765951624.0,0.0,0.0,0.0,57.0,60.857142857142854
3734765951724.0,0.0,0.0,0.0,59.0,61.0
3734765951824.0,0.0,0.0,0.0,59.0,59.142857142857146
3734765951924.0,0.0,0.0,0.0,53.0,58.857142857142854
3734765952024.0,0.0,0.0,0.0,57.5,60.0
3734765952124.0,0.0,0.0,0.0,63.5,56.0
3734765952224.0,0.0,0.0,0.0,57.0,62.0
3734765952324.0,0.0,0.0,0.0,68.5,60.57142857142857
3734765952424.0,0.0,0.0,0.0,62.0,60.42857142857143
3734765952524.0,0.0,0.0,0.0,57.0,59.714285714285715
3734765952624.0,0.0,0.0,0.0,57.0,61.857142857142854
3734765952724.0,0.0,0.0,0.0,54.5,60.57142857142857
3734765952824.0,0.0,0.0,0.0,65.0,58.285714285714285
3734765952924.0,0.0,0.0,0.0,60.0,58.285714285714285
3734765953024.0,0.0,0.0,0.0,59.5,55.0
3734765953124.0,0.0,0.0,0.0,55.5,55.285714285714285
3734765953224.0,0.0,0.0,0.0,61.0,58.857142857142854
3734765953324.0,0.0,0.0,0.0,59.5,58.285714285714285
3734765953424.0,0.0,0.0,0.0,57.0,60.857142857142854
3734765953524.0,0.0,0.0,0.0,56.0,55.0
3734765953624.0,0.0,0.0,0.0,61.0,58.714285714285715
3734765953724.0,0.0,0.0,0.0,61.5,57.142857142857146
3734765953824.0,0.0,0.0,0.0,60.0,62.0
3734765953924.0,0.0,0.0,0.0,55.0,56.857142857142854
3734765954024.0,0.0,0.0,0.0,58.0,59.714285714285715
3734765954124.0,0.0,0.0,0.0,60.5,63.285714285714285
3734765954224.0,0.0,0.0,0.0,60.0,55.42857142857143
3734765954324.0,0.0,0.0,0.0,63.0,59.714285714285715
3734765954424.0,0.0,0.0,0.0,63.0,58.857142857142854
3734765954524.0,0.0,0.0,0.0,60.0,64.85714285714286
3734765954624.0,0.0,0.0,0.0,57.5,62.285714285714285
3734765954724.0,0.0,0.0,0.0,59.5,59.57142857142857
3734765954824.0,0.0,0.0,0.0,63.0,58.857142857142854
3734765954924.0,0.0,0.0,0.0,54.0,58.285714285714285
3734765955024.0,0.0,0.0,0.0,60.5,56.857142857142854
3734765955124.0,0.0,0.0,0.0,60.5,59.142857142857146
3734765955224.0,0.0,0.0,0.0,59.0,56.57142857142857
3734765955324.0,0.0,0.0,0.0,63.0,53.285714285714285
3734765955424.0,0.0,0.0,0.0,63.5,56.285714285714285
3734765955524.0,0.0,0.0,0.0,59.0,57.57142857142857
3734765955624.0,0.0,0.0,0.0,57.5,56.857142857142854
3734765955724.0,0.0,0.0,0.0,61.0,58.142857142857146
3734765955824.0,0.0,0.0,0.0,59.5,60.857142857142854
3734765955924.0,0.0,0.0,0.0,65.5,61.0
3734765956024.0,0.0,0.0,0.0,55.0,53.57142857142857
3734765956124.0,0.0,0.0,0.0,62.5,55.57142857142857
3734765956224.0,0.0,0.0,0.0,61.5,55.42857142857143
3734765956324.0,0.0,0.0,0.0,61.0,58.857142857142854
3734765956424.0,0.0,0.0,0.0,57.5,56.57142857142857
3734765956524.0,0.0,0.0,0.0,61.0,55.857142857142854
3734765956624.0,0.0,0.0,0.0,55.5,53.285714285714285
3734765956724.0,0.0,0.0,0.0,56.0,58.714285714285715
3734765956824.0,0.0,0.0,0.0,62.5,62.42857142857143
3734765956924.0,0.0,0.0,0.0,59.5,63.285714285714285
3734765957024.0,0.0,0.0,0.0,56.0,60.0
3734765957124.0,0.0,0.0,0.0,66.0,60.714285714285715
3734765957224.0,0.0,0.0,0.0,57.0,59.42857142857143
3734765957324.0,0.0,0.0,0.0,60.5,59.142857142857146
3734765957424.0,0.0,0.0,0.0,55.0,58.42857142857143
3734765957524.0,0.0,0.0,0.0,59.0,59.57142857142857
3734765957624.0,0.0,0.0,0.0,62.5,55.285714285714285
3734765957724.0,0.0,0.0,0.0,61.5,57.0
3734765957824.0,0.0,0.0,0.0,52.0,57.0
3734765957924.0,0.0,0.0,0.0,60.5,56.0
3734765958024.0,0.0,0.0,0.0,60.5,56.857142857142854
3734765958124.0,0.0,0.0,0.0,63.0,57.714285714285715
3734765958224.0,0.0,0.0,0.0,57.0,59.857142857142854
3734765958324.0,0.0,0.0,0.0,55.5,56.57142857142857
3734765958424.0,0.0,0.0,0.0,61.5,60.0
3734765958524.0,0.0,0.0,0.0,60.0,55.57142857142857
3734765958624.0,0.0,0.0,0.0,60.5,60.57142857142857
3734765958724.0,0.0,0.0,0.0,48.0,56.0
3734765958824.0,0.0,0.0,0.0,51.5,60.0
3734765958924.0,0.0,0.0,0.0,55.0,59.285714285714285
3734765959024.0,0.0,0.0,0.0,59.0,59.42857142857143
3734765959124.0,0.0,0.0,0.0,57.5,59.857142857142854
3734765959224.0,0.0,0.0,0.0,60.5,56.714285714285715
3734765959324.0,0.0,0.0,0.0,60.0,56.857142857142854
3734765959424.0,0.0,0.0,0.0,57.5,59.857142857142854
3734765959524.0,0.0,0.0,0.0,59.0,60.0
3734765959624.0,0.0,0.0,0.0,55.5,57.285714285714285
3734765959724.0,0.0,0.0,0.0,61.0,59.0
3734765959824.0,0.0,0.0,0.0,55.0,58.57142857142857
3734765959924.0,0.0,0.0,0.0,61.0,58.42857142857143
3734765960024.0,0.0,0.0,0.0,55.5,55.857142857142854
3734765960124.0,0.0,0.0,0.0,60.0,58.0
3734765960224.0,0.0,0.0,0.0,61.0,60.857142857142854
3734765960324.0,0.0,0.0,0.0,52.5,58.57142857142857
3734765960424.0,0.0,0.0,0.0,51.0,55.857142857142854
3734765960524.0,0.0,0.0,0.0,55.0,63.142857142857146
3734765960624.0,0.0,0.0,0.0,56.5,57.714285714285715
3734765960724.0,0.0,0.0,0.0,53.0,60.142857142857146
3734765960824.0,0.0,0.0,0.0,55.5,59.57142857142857
3734765960924.0,0.0,0.0,0.0,55.0,57.285714285714285
3734765961024.0,0.0,0.0,0.0,52.5,59.714285714285715
3734765961124.0,0.0,0.0,0.0,66.5,55.142857142857146
3734765961224.0,0.0,0.0,0.0,64.0,59.57142857142857
3734765961324.0,0.0,0.0,0.0,59.5,59.57142857142857
3734765961424.0,0.0,0.0,0.0,59.5,59.142857142857146
3734765961524.0,0.0,0.0,0.0,63.5,53.57142857142857
3734765961624.0,0.0,0.0,0.0,57.0,57.42857142857143
3734765961724.0,0.0,0.0,0.0,58.0,58.57142857142857
3734765961824.0,0.0,0.0,0.0,63.0,57.285714285714285
3734765961924.0,0.0,0.0,0.0,60.0,57.0
3734765962024.0,0.0,0.0,0.0,60.0,55.857142857142854
3734765962124.0,0.0,0.0,0.0,54.0,56.42857142857143
3734765962224.0,0.0,0.0,0.0,56.5,54.857142857142854
3734765962324.0,0.0,0.0,0.0,58.5,59.285714285714285
3734765962424.0,0.0,0.0,0.0,51.5,57.42857142857143
3734765962524.0,0.0,0.0,0.0,52.5,58.0
3734765962624.0,0.0,0.0,0.0,59.0,58.0
3734765962724.0,0.0,0.0,0.0,56.5,62.285714285714285
3734765962824.0,0.0,0.0,0.0,54.0,61.42857142857143
3734765962924.0,0.0,0.0,0.0,62.5,56.0
3734765963024.0,0.0,0.0,0.0,59.5,58.285714285714285
3734765963124.0,0.0,0.0,0.0,60.5,56.714285714285715
3734765963224.0,0.0,0.0,0.0,58.5,60.285714285714285
3734765963324.0,0.0,0.0,0.0,56.5,57.0
3734765963424.0,0.0,0.0,0.0,57.0,57.285714285714285
3734765963524.0,0.0,0.0,0.0,62.5,60.42857142857143
3734765963624.0,0.0,0.0,0.0,59.5,58.285714285714285
3734765963724.0,0.0,0.0,0.0,55.0,59.42857142857143
3734765963824.0,0.0,0.0,0.0,53.0,58.142857142857146
3734765963924.0,0.0,0.0,0.0,54.0,58.857142857142854
3734765964024.0,0.0,0.0,0.0,57.0,58.57142857142857
3734765964124.0,0.0,0.0,0.0,51.0,58.714285714285715
3734765964224.0,0.0,0.0,0.0,57.0,58.714285714285715
3734765964324.0,0.0,0.0,0.0,52.0,54.714285714285715
3734765964424.0,0.0,0.0,0.0,61.0,57.285714285714285
3734765964524.0,0.0,0.0,0.0,55.5,58.142857142857146
3734765964624.0,0.0,0.0,0.0,61.5,55.857142857142854
3734765964724.0,0.0,0.0,0.0,48.5,61.142857142857146
3734765964824.0,0.0,0.0,0.0,60.5,60.285714285714285
3734765964924.0,0.0,0.0,0.0,60.0,60.142857142857146
3734765965024.0,0.0,0.0,0.0,60.0,55.857142857142854
3734765965124.0,0.0,0.0,0.0,57.5,57.857142857142854
3734765965224.0,0.0,0.0,0.0,61.0,55.285714285714285
3734765965324.0,0.0,0.0,0.0,65.0,57.857142857142854
3734765965424.0,0.0,0.0,0.0,64.5,61.57142857142857
3734765965524.0,0.0,0.0,0.0,56.0,58.285714285714285
3734765965624.0,0.0,0.0,0.0,61.0,56.285714285714285
3734765965724.0,0.0,0.0,0.0,58.5,57.57142857142857
3734765965824.0,0.0,0.0,0.0,59.0,56.714285714285715
3734765965924.0,0.0,0.0,0.0,63.0,57.0
3734765966024.0,0.0,0.0,0.0,62.0,58.0
3734765966124.0,0.0,0.0,0.0,53.0,58.57142857142857
3734765966224.0,0.0,0.0,0.0,58.5,61.714285714285715
3734765966324.0,0.0,0.0,0.0,61.0,62.714285714285715
3734765966424.0,0.0,0.0,0.0,68.0,59.57142857142857
3734765966524.0,0.0,0.0,0.0,61.0,62.0
3734765966624.0,0.0,0.0,0.0,52.5,57.857142857142854
3734765966724.0,0.0,0.0,0.0,54.0,57.42857142857143
3734765966824.0,0.0,0.0,0.0,63.5,55.857142857142854
3734765966924.0,0.0,0.0,0.0,62.5,58.714285714285715
3734765967024.0,0.0,0.0,0.0,61.0,58.0
3734765967124.0,0.0,0.0,0.0,59.0,57.857142857142854
3734765967224.0,0.0,0.0,0.0,64.0,57.57142857142857
3734765967324.0,0.0,0.0,0.0,57.5,60.142857142857146
3734765967424.0,0.0,0.0,0.0,55.0,61.142857142857146
3734765967524.0,0.0,0.0,0.0,63.0,60.285714285714285
3734765967624.0,0.0,0.0,0.0,56.5,59.285714285714285
3734765967724.0,0.0,0.0,0.0,58.5,58.57142857142857
3734765967824.0,0.0,0.0,0.0,60.5,56.142857142857146
3734765967924.0,0.0,0.0,0.0,57.0,54.57142857142857
3734765968024.0,0.0,0.0,0.0,58.5,56.142857142857146
3734765968124.0,0.0,0.0,0.0,56.5,61.857142857142854
3734765968224.0,0.0,0.0,0.0,56.5,56.57142857142857
3734765968324.0,0.0,0.0,0.0,64.5,56.0
3734765968424.0,0.0,0.0,0.0,58.0,57.0
3734765968524.0,0.0,0.0,0.0,60.5,60.285714285714285
3734765968624.0,0.0,0.0,0.0,57.0,54.285714285714285
3734765968724.0,0.0,0.0,0.0,58.5,58.142857142857146
3734765968824.0,0.0,0.0,0.0,64.0,56.285714285714285
3734765968924.0,0.0,0.0,0.0,58.5,59.42857142857143
3734765969024.0,0.0,0.0,0.0,58.0,59.0
3734765969124.0,0.0,0.0,0.0,55.5,60.42857142857143
3734765969224.0,0.0,0.0,0.0,62.5,60.57142857142857
3734765969324.0,0.0,0.0,0.0,56.0,59.0
3734765969424.0,0.0,0.0,0.0,57.0,60.57142857142857
3734765969524.0,0.0,0.0,0.0,57.0,55.142857142857146
3734765969624.0,0.0,0.0,0.0,55.5,55.857142857142854
3734765969724.0,0.0,0.0,0.0,61.0,57.0
3734765969824.0,0.0,0.0,0.0,59.5,58.42857142857143
3734765969924.0,0.0,0.0,0.0,57.5,59.857142857142854
3734765970024.0,0.0,0.0,0.0,57.5,54.285714285714285
3734765970124.0,0.0,0.0,0.0,58.5,55.57142857142857
3734765970224.0,0.0,0.0,0.0,60.5,53.285714285714285
3734765970324.0,0.0,0.0,0.0,62.5,57.57142857142857
3734765970424.0,0.0,0.0,0.0,55.5,56.57142857142857
3734765970524.0,0.0,0.0,0.0,64.0,57.142857142857146
3734765970624.0,0.0,0.0,0.0,62.5,56.142857142857146
3734765970724.0,0.0,0.0,0.0,58.0,59.0
3734765970824.0,0.0,0.0,0.0,63.5,58.0
3734765970924.0,0.0,0.0,0.0,57.0,56.0
3734765971024.0,0.0,0.0,0.0,56.0,57.857142857142854
3734765971124.0,0.0,0.0,0.0,57.0,57.142857142857146
3734765971224.0,0.0,0.0,0.0,54.5,54.42857142857143
3734765971324.0,0.0,0.0,0.0,56.5,58.857142857142854
3734765971424.0,0.0,0.0,0.0,57.0,56.42857142857143
3734765971524.0,0.0,0.0,0.0,62.5,57.285714285714285
3734765971624.0,0.0,0.0,0.0,61.0,59.0
3734765971724.0,0.0,0.0,0.0,53.0,58.57142857142857
3734765971824.0,0.0,0.0,0.0,61.0,55.57142857142857
3734765971924.0,0.0,0.0,0.0,50.5,56.57142857142857
3734765972024.0,0.0,0.0,0.0,60.0,56.857142857142854
3734765972124.0,0.0,0.0,0.0,53.5,54.142857142857146
3734765972224.0,0.0,0.0,0.0,65.5,58.142857142857146
3734765972324.0,0.0,0.0,0.0,59.5,58.714285714285715
3734765972424.0,0.0,0.0,0.0,63.5,58.42857142857143
3734765972524.0,0.0,0.0,0.0,66.5,57.57142857142857
3734765972624.0,0.0,0.0,0.0,65.0,58.42857142857143
3734765972724.0,0.0,0.0,0.0,59.0,57.857142857142854
3734765972824.0,0.0,0.0,0.0,65.0,60.0
3734765972924.0,0.0,0.0,0.0,61.5,58.857142857142854
3734765973024.0,0.0,0.0,0.0,64.0,61.0
3734765973124.0,0.0,0.0,0.0,65.0,58.142857142857146
3734765973224.0,0.0,0.0,0.0,58.0,59.57142857142857
3734765973324.0,0.0,0.0,0.0,59.0,63.42857142857143
3734765973424.0,0.0,0.0,0.0,61.0,59.285714285714285
3734765973524.0,0.0,0.0,0.0,60.0,62.714285714285715
3734765973624.0,0.0,0.0,0.0,59.0,60.57142857142857
3734765973724.0,0.0,0.0,0.0,61.0,58.857142857142854
3734765973824.0,0.0,0.0,0.0,62.5,56.142857142857146
3734765973924.0,0.0,0.0,0.0,61.5,58.714285714285715
3734765974024.0,0.0,0.0,0.0,59.0,59.285714285714285
3734765974124.0,0.0,0.0,0.0,55.5,59.57142857142857
3734765974224.0,0.0,0.0,0.0,52.5,62.714285714285715
3734765974324.0,0.0,0.0,0.0,56.0,59.142857142857146
3734765974424.0,0.0,0.0,0.0,56.5,57.42857142857143
3734765974524.0,0.0,0.0,0.0,64.5,62.0
3734765974624.0,0.0,0.0,0.0,64.0,59.142857142857146
3734765974724.0,0.0,0.0,0.0,54.0,57.142857142857146
3734765974824.0,0.0,0.0,0.0,52.5,56.857142857142854
3734765974924.0,0.0,0.0,0.0,63.5,57.714285714285715
3734765975024.0,0.0,0.0,0.0,58.5,54.57142857142857
3734765975124.0,0.0,0.0,0.0,55.5,56.42857142857143
3734765975224.0,0.0,0.0,0.0,61.0,60.714285714285715
3734765975324.0,0.0,0.0,0.0,61.0,56.57142857142857
3734765975424.0,0.0,0.0,0.0,62.0,60.142857142857146
3734765975524.0,0.0,0.0,0.0,59.0,56.42857142857143
3734765975624.0,0.0,0.0,0.0,52.0,60.714285714285715
3734765975724.0,0.0,0.0,0.0,59.5,61.57142857142857
3734765975824.0,0.0,0.0,0.0,63.0,59.42857142857143
3734765975924.0,0.0,0.0,0.0,59.0,57.57142857142857
3734765976024.0,0.0,0.0,0.0,61.0,57.714285714285715
3734765976124.0,0.0,0.0,0.0,60.5,55.714285714285715
3734765976224.0,0.0,0.0,0.0,61.5,57.0
3734765976324.0,0.0,0.0,0.0,55.0,60.0
3734765976424.0,0.0,0.0,0.0,56.0,57.714285714285715
3734765976524.0,0.0,0.0,0.0,64.0,56.142857142857146
3734765976624.0,0.0,0.0,0.0,59.0,61.857142857142854
3734765976724.0,0.0,0.0,0.0,59.5,62.0
3734765976824.0,0.0,0.0,0.0,57.0,59.42857142857143
3734765976924.0,0.0,0.0,0.0,62.0,55.42857142857143
3734765977024.0,0.0,0.0,0.0,58.5,60.57142857142857
3734765977124.0,0.0,0.0,0.0,53.5,56.857142857142854
3734765977224.0,0.0,0.0,0.0,52.5,55.42857142857143
3734765977324.0,0.0,0.0,0.0,60.0,57.42857142857143
3734765977424.0,0.0,0.0,0.0,49.5,59.857142857142854
3734765977524.0,0.0,0.0,0.0,58.5,55.285714285714285
3734765977624.0,0.0,0.0,0.0,58.0,53.42857142857143
3734765977724.0,0.0,0.0,0.0,65.5,59.285714285714285
3734765977824.0,0.0,0.0,0.0,53.0,55.857142857142854
3734765977924.0,0.0,0.0,0.0,59.0,58.57142857142857
3734765978024.0,0.0,0.0,0.0,54.5,53.857142857142854
3734765978124.0,0.0,0.0,0.0,53.5,60.285714285714285
3734765978224.0,0.0,0.0,0.0,60.5,53.857142857142854
3734765978324.0,0.0,0.0,0.0,59.0,58.714285714285715
3734765978424.0,0.0,0.0,0.0,55.5,54.42857142857143
3734765978524.0,0.0,0.0,0.0,56.5,61.57142857142857
3734765978624.0,0.0,0.0,0.0,62.0,57.714285714285715
3734765978724.0,0.0,0.0,0.0,65.5,56.0
3734765978824.0,0.0,0.0,0.0,57.5,59.714285714285715
3734765978924.0,0.0,0.0,0.0,59.0,57.0
3734765979024.0,0.0,0.0,0.0,59.5,58.42857142857143
3734765979124.0,0.0,0.0,0.0,54.5,55.714285714285715
3734765979224.0,0.0,0.0,0.0,56.0,58.57142857142857
3734765979324.0,0.0,0.0,0.0,59.0,59.57142857142857
3734765979424.0,0.0,0.0,0.0,61.0,58.0
3734765979524.0,0.0,0.0,0.0,63.0,55.142857142857146
3734765979624.0,0.0,0.0,0.0,64.5,60.285714285714285
3734765979724.0,0.0,0.0,0.0,62.0,59.285714285714285
3734765979824.0,0.0,0.0,0.0,61.0,56.285714285714285
3734765979924.0,0.0,0.0,0.0,57.0,58.857142857142854
3734765980024.0,0.0,0.0,0.0,71.0,62.285714285714285
3734765980124.0,0.0,0.0,0.0,56.0,56.714285714285715
3734765980224.0,0.0,0.0,0.0,55.5,62.0
3734765980324.0,0.0,0.0,0.0,59.0,59.57142857142857
3734765980424.0,0.0,0.0,0.0,58.5,59.285714285714285
3734765980524.0,0.0,0.0,0.0,56.0,59.42857142857143
3734765980624.0,0.0,0.0,0.0,58.0,59.42857142857143
3734765980724.0,0.0,0.0,0.0,59.0,59.0
3734765980824.0,0.0,0.0,0.0,61.0,60.42857142857143
3734765980924.0,0.0,0.0,0.0,56.5,58.857142857142854
3734765981024.0,0.0,0.0,0.0,61.5,63.0
3734765981124.0,0.0,0.0,0.0,55.0,57.42857142857143
3734765981224.0,0.0,0.0,0.0,52.0,56.42857142857143
3734765981324.0,0.0,0.0,0.0,64.0,58.42857142857143
3734765981424.0,0.0,0.0,0.0,60.0,57.142857142857146
3734765981524.0,0.0,0.0,0.0,54.0,59.0
3734765981624.0,0.0,0.0,0.0,53.5,57.714285714285715
3734765981724.0,0.0,0.0,0.0,63.5,58.857142857142854
3734765981824.0,0.0,0.0,0.0,64.5,61.142857142857146
3734765981924.0,0.0,0.0,0.0,57.0,58.42857142857143
3734765982024.0,0.0,0.0,0.0,61.0,60.0
3734765982124.0,0.0,0.0,0.0,56.0,58.57142857142857
3734765982224.0,0.0,0.0,0.0,57.0,56.142857142857146
3734765982324.0,0.0,0.0,0.0,64.0,55.142857142857146
3734765982424.0,0.0,0.0,0.0,64.5,63.714285714285715
3734765982524.0,0.0,0.0,0.0,58.0,59.714285714285715
3734765982624.0,0.0,0.0,0.0,59.0,58.42857142857143
3734765982724.0,0.0,0.0,0.0,52.0,56.714285714285715
3734765982824.0,0.0,0.0,0.0,52.0,56.857142857142854
3734765982924.0,0.0,0.0,0.0,62.0,60.0
3734765983024.0,0.0,0.0,0.0,61.0,60.285714285714285
3734765983124.0,0.0,0.0,0.0,58.0,57.0
3734765983224.0,0.0,0.0,0.0,62.0,57.857142857142854
3734765983324.0,0.0,0.0,0.0,59.5,58.142857142857146
3734765983424.0,0.0,0.0,0.0,63.5,60.0
3734765983524.0,0.0,0.0,0.0,60.5,56.857142857142854
3734765983624.0,0.0,0.0,0.0,56.5,56.857142857142854
3734765983724.0,0.0,0.0,0.0,62.0,58.57142857142857
3734765983824.0,0.0,0.0,0.0,57.0,59.857142857142854
3734765983924.0,0.0,0.0,0.0,64.0,58.142857142857146
3734765984024.0,0.0,0.0,0.0,58.0,60.57142857142857
3734765984124.0,0.0,0.0,0.0,58.5,51.42857142857143
3734765984224.0,0.0,0.0,0.0,53.5,55.142857142857146
3734765984324.0,0.0,0.0,0.0,60.5,55.714285714285715
3734765984424.0,0.0,0.0,0.0,61.5,59.285714285714285
3734765984524.0,0.0,0.0,0.0,55.0,59.285714285714285
3734765984624.0,0.0,0.0,0.0,57.0,58.0
3734765984724.0,0.0,0.0,0.0,59.0,57.857142857142854
3734765984824.0,0.0,0.0,0.0,58.0,54.142857142857146
3734765984924.0,0.0,0.0,0.0,58.0,58.714285714285715
3734765985024.0,0.0,0.0,0.0,56.0,55.285714285714285
3734765985124.0,0.0,0.0,0.0,61.0,59.42857142857143
3734765985224.0,0.0,0.0,0.0,51.0,57.285714285714285
3734765985324.0,0.0,0.0,0.0,60.5,58.285714285714285
3734765985424.0,0.0,0.0,0.0,55.5,54.142857142857146
3734765985524.0,0.0,0.0,0.0,56.5,57.0
3734765985624.0,0.0,0.0,0.0,57.0,56.857142857142854
3734765985724.0,0.0,0.0,0.0,53.0,55.857142857142854
3734765985824.0,0.0,0.0,0.0,57.0,55.857142857142854
3734765985924.0,0.0,0.0,0.0,52.5,54.857142857142854
3734765986024.0,0.0,0.0,0.0,59.5,58.285714285714285
3734765986124.0,0.0,0.0,0.0,62.5,58.57142857142857
3734765986224.0,0.0,0.0,0.0,53.5,55.0
3734765986324.0,0.0,0.0,0.0,59.5,59.57142857142857
3734765986424.0,0.0,0.0,0.0,58.5,60.142857142857146
3734765986524.0,0.0,0.0,0.0,60.0,57.714285714285715
3734765986624.0,0.0,0.0,0.0,51.5,56.714285714285715
3734765986724.0,0.0,0.0,0.0,62.5,57.142857142857146
3734765986824.0,0.0,0.0,0.0,59.0,55.0
3734765986924.0,0.0,0.0,0.0,61.0,61.0
3734765987024.0,0.0,0.0,0.0,60.5,61.857142857142854
3734765987124.0,0.0,0.0,0.0,65.0,55.57142857142857
3734765987224.0,0.0,0.0,0.0,60.5,59.714285714285715
3734765987324.0,0.0,0.0,0.0,61.5,58.714285714285715
3734765987424.0,0.0,0.0,0.0,58.0,61.0
3734765987524.0,0.0,0.0,0.0,52.5,59.142857142857146
3734765987624.0,0.0,0.0,0.0,60.0,57.857142857142854
3734765987724.0,0.0,0.0,0.0,51.0,57.285714285714285
3734765987824.0,0.0,0.0,0.0,57.0,59.857142857142854
3734765987924.0,0.0,0.0,0.0,61.0,61.57142857142857
3734765988024.0,0.0,0.0,0.0,57.5,58.142857142857146
3734765988124.0,0.0,0.0,0.0,63.5,54.857142857142854
3734765988224.0,0.0,0.0,0.0,64.0,53.857142857142854
3734765988324.0,0.0,0.0,0.0,59.5,55.57142857142857
3734765988424.0,0.0,0.0,0.0,60.0,58.0
3734765988524.0,0.0,0.0,0.0,53.0,60.42857142857143
3734765988624.0,0.0,0.0,0.0,58.5,55.57142857142857
3734765988724.0,0.0,0.0,0.0,53.0,59.857142857142854
3734765988824.0,0.0,0.0,0.0,62.0,57.285714285714285
3734765988924.0,0.0,0.0,0.0,56.5,58.285714285714285
3734765989024.0,0.0,0.0,0.0,63.5,59.285714285714285
3734765989124.0,0.0,0.0,0.0,57.0,57.714285714285715
3734765989224.0,0.0,0.0,0.0,54.0,57.857142857142854
3734765989324.0,0.0,0.0,0.0,60.0,57.0
3734765989424.0,0.0,0.0,0.0,61.0,56.857142857142854
3734765989524.0,0.0,0.0,0.0,57.0,59.0
3734765989624.0,0.0,0.0,0.0,54.5,61.0
3734765989724.0,0.0,0.0,0.0,57.0,53.42857142857143
3734765989824.0,0.0,0.0,0.0,54.5,55.857142857142854
3734765989924.0,0.0,0.0,0.0,52.0,56.57142857142857
3734765990024.0,0.0,0.0,0.0,59.0,60.57142857142857
3734765990124.0,0.0,0.0,0.0,53.0,58.857142857142854
3734765990224.0,0.0,0.0,0.0,58.0,60.57142857142857
3734765990324.0,0.0,0.0,0.0,52.5,53.0
3734765990424.0,0.0,0.0,0.0,55.5,61.285714285714285
3734765990524.0,0.0,0.0,0.0,64.5,60.285714285714285
3734765990624.0,0.0,0.0,0.0,60.5,59.0
3734765990724.0,0.0,0.0,0.0,53.5,57.714285714285715
3734765990824.0,0.0,0.0,0.0,53.0,54.42857142857143
3734765990924.0,0.0,0.0,0.0,61.0,55.857142857142854
3734765991024.0,0.0,0.0,0.0,55.0,56.857142857142854
3734765991124.0,0.0,0.0,0.0,58.0,55.285714285714285
3734765991224.0,0.0,0.0,0.0,56.0,59.42857142857143
3734765991324.0,0.0,0.0,0.0,63.5,51.714285714285715
3734765991424.0,0.0,0.0,0.0,65.5,55.857142857142854
3734765991524.0,0.0,0.0,0.0,61.0,54.714285714285715
3734765991624.0,0.0,0.0,0.0,57.0,58.0
3734765991724.0,0.0,0.0,0.0,58.0,58.0
3734765991824.0,0.0,0.0,0.0,57.5,55.285714285714285
3734765991924.0,0.0,0.0,0.0,56.0,60.142857142857146
3734765992024.0,0.0,0.0,0.0,56.0,58.0
3734765992124.0,0.0,0.0,0.0,55.5,56.285714285714285
3734765992224.0,0.0,0.0,0.0,54.0,57.285714285714285
3734765992324.0,0.0,0.0,0.0,55.5,56.285714285714285
3734765992424.0,0.0,0.0,0.0,53.5,53.857142857142854
3734765992524.0,0.0,0.0,0.0,60.0,55.42857142857143
3734765992624.0,0.0,0.0,0.0,51.5,59.0
3734765992724.0,0.0,0.0,0.0,55.5,55.285714285714285
3734765992824.0,0.0,0.0,0.0,53.5,54.285714285714285
3734765992924.0,0.0,0.0,0.0,48.0,57.285714285714285
3734765993024.0,0.0,0.0,0.0,60.0,57.714285714285715
3734765993124.0,0.0,0.0,0.0,53.0,53.857142857142854
3734765993224.0,0.0,0.0,0.0,52.5,58.285714285714285
3734765993324.0,0.0,0.0,0.0,57.0,57.57142857142857
3734765993424.0,0.0,0.0,0.0,51.5,58.857142857142854
3734765993524.0,0.0,0.0,0.0,51.0,56.714285714285715
3734765993624.0,0.0,0.0,0.0,52.5,55.285714285714285
3734765993724.0,0.0,0.0,0.0,55.0,57.0
3734765993824.0,0.0,0.0,0.0,56.0,56.0
3734765993924.0,0.0,0.0,0.0,53.0,52.42857142857143
3734765994024.0,0.0,0.0,0.0,55.5,57.714285714285715
3734765994124.0,0.0,0.0,0.0,60.5,56.57142857142857
3734765994224.0,0.0,0.0,0.0,55.0,53.285714285714285
3734765994324.0,0.0,0.0,0.0,54.5,53.857142857142854
3734765994424.0,0.0,0.0,0.0,55.0,59.42857142857143
3734765994524.0,0.0,0.0,0.0,59.5,53.0
3734765994624.0,0.0,0.0,0.0,52.5,55.285714285714285
3734765994724.0,0.0,0.0,0.0,57.5,50.285714285714285
3734765994824.0,0.0,0.0,0.0,54.0,58.142857142857146
3734765994924.0,0.0,0.0,0.0,63.0,54.857142857142854
3734765995024.0,0.0,0.0,0.0,46.0,55.57142857142857
3734765995124.0,0.0,0.0,0.0,62.0,57.857142857142854
3734765995224.0,0.0,0.0,0.0,62.5,56.142857142857146
3734765995324.0,0.0,0.0,0.0,61.0,56.857142857142854
3734765995424.0,0.0,0.0,0.0,55.0,55.42857142857143
3734765995524.0,0.0,0.0,0.0,53.5,56.57142857142857
3734765995624.0,0.0,0.0,0.0,60.0,56.285714285714285
3734765995724.0,0.0,0.0,0.0,55.5,52.714285714285715
3734765995824.0,0.0,0.0,0.0,56.5,58.142857142857146
3734765995924.0,0.0,0.0,0.0,53.0,56.42857142857143
3734765996024.0,0.0,0.0,0.0,52.5,58.857142857142854
3734765996124.0,0.0,0.0,0.0,58.5,60.0
3734765996224.0,0.0,0.0,0.0,58.5,54.57142857142857
3734765996324.0,0.0,0.0,0.0,58.5,58.142857142857146
3734765996424.0,0.0,0.0,0.0,63.5,54.714285714285715
3734765996524.0,0.0,0.0,0.0,62.0,56.42857142857143
3734765996624.0,0.0,0.0,0.0,58.5,59.57142857142857
3734765996724.0,0.0,0.0,0.0,53.0,58.57142857142857
3734765996824.0,0.0,0.0,0.0,57.5,57.57142857142857
3734765996924.0,0.0,0.0,0.0,57.5,58.57142857142857
3734765997024.0,0.0,0.0,0.0,54.0,57.857142857142854
3734765997124.0,0.0,0.0,0.0,61.0,58.857142857142854
3734765997224.0,0.0,0.0,0.0,57.5,60.714285714285715
3734765997324.0,0.0,0.0,0.0,62.0,56.57142857142857
3734765997424.0,0.0,0.0,0.0,59.0,59.42857142857143
3734765997524.0,0.0,0.0,0.0,55.0,62.142857142857146
3734765997624.0,0.0,0.0,0.0,57.5,59.142857142857146
3734765997724.0,0.0,0.0,0.0,57.0,57.285714285714285
3734765997824.0,0.0,0.0,0.0,52.5,60.857142857142854
3734765997924.0,0.0,0.0,0.0,62.5,57.714285714285715
3734765998024.0,0.0,0.0,0.0,67.5,57.0
3734765998124.0,0.0,0.0,0.0,61.0,61.42857142857143
3734765998224.0,0.0,0.0,0.0,64.5,59.714285714285715
3734765998324.0,0.0,0.0,0.0,61.5,58.857142857142854
3734765998424.0,0.0,0.0,0.0,63.0,59.0
3734765998524.0,0.0,0.0,0.0,55.5,58.285714285714285
3734765998624.0,0.0,0.0,0.0,54.5,59.0
3734765998724.0,0.0,0.0,0.0,54.5,62.0
3734765998824.0,0.0,0.0,0.0,55.5,57.142857142857146
3734765998924.0,0.0,0.0,0.0,64.5,57.57142857142857
3734765999024.0,0.0,0.0,0.0,59.5,60.285714285714285
3734765999124.0,0.0,0.0,0.0,59.0,59.57142857142857
3734765999224.0,0.0,0.0,0.0,51.5,56.714285714285715
3734765999324.0,0.0,0.0,0.0,54.5,57.285714285714285
3734765999424.0,0.0,0.0,0.0,55.0,56.285714285714285
3734765999524.0,0.0,0.0,0.0,59.0,56.142857142857146
3734765999624.0,0.0,0.0,0.0,61.0,56.0
3734765999724.0,0.0,0.0,0.0,57.5,57.0
3734765999824.0,0.0,0.0,0.0,54.5,56.57142857142857
3734765999924.0,0.0,0.0,0.0,54.0,54.857142857142854
3734766000024.0,0.0,0.0,0.0,59.0,55.57142857142857
3734766000124.0,0.0,0.0,0.0,59.5,58.0
3734766000224.0,0.0,0.0,0.0,63.5,55.0
3734766000324.0,0.0,0.0,0.0,60.5,57.285714285714285
3734766000424.0,0.0,0.0,0.0,54.0,56.714285714285715
3734766000524.0,0.0,0.0,0.0,60.0,59.285714285714285
3734766000624.0,0.0,0.0,0.0,51.5,58.42857142857143
3734766000724.0,0.0,0.0,0.0,60.5,57.0
3734766000824.0,0.0,0.0,0.0,58.0,59.42857142857143
3734766000924.0,0.0,0.0,0.0,58.5,59.42857142857143
3734766001024.0,0.0,0.0,0.0,55.5,58.714285714285715
3734766001124.0,0.0,0.0,0.0,62.5,59.142857142857146
3734766001224.0,0.0,0.0,0.0,56.5,57.857142857142854
3734766001324.0,0.0,0.0,0.0,53.0,56.714285714285715
3734766001424.0,0.0,0.0,0.0,63.5,58.714285714285715
3734766001524.0,0.0,0.0,0.0,54.5,59.57142857142857
3734766001624.0,0.0,0.0,0.0,57.0,59.57142857142857
3734766001724.0,0.0,0.0,0.0,60.0,62.285714285714285
3734766001824.0,0.0,0.0,0.0,58.5,58.285714285714285
3734766001924.0,0.0,0.0,0.0,58.5,56.714285714285715
3734766002024.0,0.0,0.0,0.0,57.5,58.714285714285715
3734766002124.0,0.0,0.0,0.0,53.5,53.57142857142857
3734766002224.0,0.0,0.0,0.0,55.0,59.142857142857146
3734766002324.0,0.0,0.0,0.0,64.0,55.57142857142857
3734766002424.0,0.0,0.0,0.0,52.5,59.142857142857146
3734766002524.0,0.0,0.0,0.0,54.0,59.142857142857146
3734766002624.0,0.0,0.0,0.0,62.5,59.57142857142857
3734766002724.0,0.0,0.0,0.0,61.0,55.57142857142857
3734766002824.0,0.0,0.0,0.0,60.0,60.857142857142854
3734766002924.0,0.0,0.0,0.0,58.0,60.0
3734766003024.0,0.0,0.0,0.0,65.0,60.57142857142857
3734766003124.0,0.0,0.0,0.0,58.0,58.0
3734766003224.0,0.0,0.0,0.0,64.0,61.714285714285715
3734766003324.0,0.0,0.0,0.0,64.5,59.57142857142857
3734766003424.0,0.0,0.0,0.0,61.5,58.57142857142857
3734766003524.0,0.0,0.0,0.0,61.0,58.42857142857143
3734766003624.0,0.0,0.0,0.0,60.5,58.142857142857146
3734766003724.0,0.0,0.0,0.0,57.0,59.42857142857143
3734766003824.0,0.0,0.0,0.0,59.5,54.857142857142854
3734766003924.0,0.0,0.0,0.0,50.5,57.714285714285715
3734766004024.0,0.0,0.0,0.0,56.5,55.0
3734766004124.0,0.0,0.0,0.0,58.5,58.285714285714285
3734766004224.0,0.0,0.0,0.0,60.0,59.285714285714285
3734766004324.0,0.0,0.0,0.0,61.5,56.857142857142854
3734766004424.0,0.0,0.0,0.0,57.0,57.285714285714285
3734766004524.0,0.0,0.0,0.0,52.0,59.142857142857146
3734766004624.0,0.0,0.0,0.0,62.0,54.857142857142854
3734766004724.0,0.0,0.0,0.0,58.0,58.714285714285715
3734766004824.0,0.0,0.0,0.0,51.0,54.285714285714285
3734766004924.0,0.0,0.0,0.0,55.5,54.714285714285715
3734766005024.0,0.0,0.0,0.0,59.0,58.285714285714285
3734766005124.0,0.0,0.0,0.0,60.0,57.57142857142857
3734766005224.0,0.0,0.0,0.0,56.0,55.142857142857146
3734766005324.0,0.0,0.0,0.0,56.0,57.857142857142854
3734766005424.0,0.0,0.0,0.0,59.0,53.0
3734766005524.0,0.0,0.0,0.0,48.0,52.857142857142854
3734766005624.0,0.0,0.0,0.0,53.5,53.857142857142854
3734766005724.0,0.0,0.0,0.0,59.0,56.714285714285715
3734766005824.0,0.0,0.0,0.0,62.5,53.142857142857146
3734766005924.0,0.0,0.0,0.0,53.5,57.142857142857146
3734766006024.0,0.0,0.0,0.0,63.0,56.0
3734766006124.0,0.0,0.0,0.0,58.5,55.714285714285715
3734766006224.0,0.0,0.0,0.0,51.5,54.714285714285715
3734766006324.0,0.0,0.0,0.0,61.0,58.0
3734766006424.0,0.0,0.0,0.0,55.5,57.285714285714285
3734766006524.0,0.0,0.0,0.0,54.0,52.142857142857146
3734766006624.0,0.0,0.0,0.0,57.5,54.142857142857146
3734766006724.0,0.0,0.0,0.0,49.5,53.142857142857146
3734766006824.0,0.0,0.0,0.0,58.0,54.57142857142857
3734766006924.0,0.0,0.0,0.0,54.0,55.42857142857143
3734766007024.0,0.0,0.0,0.0,56.0,55.857142857142854
3734766007124.0,0.0,0.0,0.0,58.5,53.0
3734766007224.0,0.0,0.0,0.0,58.0,56.42857142857143
3734766007324.0,0.0,0.0,0.0,54.0,54.57142857142857
3734766007424.0,0.0,0.0,0.0,56.5,54.57142857142857
3734766007524.0,0.0,0.0,0.0,58.0,55.857142857142854
3734766007624.0,0.0,0.0,0.0,55.0,58.0
3734766007724.0,0.0,0.0,0.0,52.5,57.714285714285715
3734766007824.0,0.0,0.0,0.0,58.0,53.142857142857146
3734766007924.0,0.0,0.0,0.0,49.5,56.142857142857146
3734766008024.0,0.0,0.0,0.0,57.5,53.285714285714285
3734766008124.0,0.0,0.0,0.0,58.0,55.57142857142857
3734766008224.0,0.0,0.0,0.0,52.5,54.857142857142854
3734766008324.0,0.0,0.0,0.0,62.5,57.0
3734766008424.0,0.0,0.0,0.0,60.0,55.142857142857146
3734766008524.0,0.0,0.0,0.0,53.0,55.714285714285715
3734766008624.0,0.0,0.0,0.0,54.0,53.714285714285715
3734766008724.0,0.0,0.0,0.0,61.0,56.57142857142857
3734766008824.0,0.0,0.0,0.0,53.5,53.57142857142857
3734766008924.0,0.0,0.0,0.0,56.5,53.857142857142854
3734766009024.0,0.0,0.0,0.0,50.0,56.0
3734766009124.0,0.0,0.0,0.0,64.5,58.142857142857146
3734766009224.0,0.0,0.0,0.0,54.5,54.285714285714285
3734766009324.0,0.0,0.0,0.0,57.0,58.57142857142857
3734766009424.0,0.0,0.0,0.0,55.0,56.285714285714285
3734766009524.0,0.0,0.0,0.0,57.0,57.714285714285715
3734766009624.0,0.0,0.0,0.0,58.0,59.285714285714285
3734766009724.0,0.0,0.0,0.0,59.0,54.714285714285715
3734766009824.0,0.0,0.0,0.0,59.5,57.142857142857146
3734766009924.0,0.0,0.0,0.0,57.5,51.857142857142854
3734766010024.0,0.0,0.0,0.0,57.0,54.57142857142857
3734766010124.0,0.0,0.0,0.0,59.0,55.285714285714285
3734766010224.0,0.0,0.0,0.0,56.5,56.42857142857143
3734766010324.0,0.0,0.0,0.0,46.0,53.857142857142854
3734766010424.0,0.0,0.0,0.0,54.5,57.42857142857143
3734766010524.0,0.0,0.0,0.0,67.0,57.714285714285715
3734766010624.0,0.0,0.0,0.0,48.5,56.142857142857146
3734766010724.0,0.0,0.0,0.0,59.0,55.0
3734766010824.0,0.0,0.0,0.0,64.0,55.714285714285715
3734766010924.0,0.0,0.0,0.0,61.0,55.57142857142857
3734766011024.0,0.0,0.0,0.0,53.5,58.285714285714285
3734766011124.0,0.0,0.0,0.0,58.5,59.42857142857143
3734766011224.0,0.0,0.0,0.0,54.0,56.714285714285715
3734766011324.0,0.0,0.0,0.0,52.5,56.0
3734766011424.0,0.0,0.0,0.0,55.5,54.57142857142857
3734766011524.0,0.0,0.0,0.0,61.5,54.714285714285715
3734766011624.0,0.0,0.0,0.0,52.5,56.285714285714285
3734766011724.0,0.0,0.0,0.0,57.0,53.42857142857143
3734766011824.0,0.0,0.0,0.0,50.0,54.142857142857146
3734766011924.0,0.0,0.0,0.0,56.5,60.285714285714285
3734766012024.0,0.0,0.0,0.0,58.0,55.42857142857143
3734766012124.0,0.0,0.0,0.0,60.5,56.714285714285715
3734766012224.0,0.0,0.0,0.0,62.5,55.0
3734766012324.0,0.0,0.0,0.0,58.5,53.142857142857146
3734766012424.0,0.0,0.0,0.0,49.0,55.714285714285715
3734766012524.0,0.0,0.0,0.0,54.5,57.714285714285715
3734766012624.0,0.0,0.0,0.0,50.0,56.714285714285715
3734766012724.0,0.0,0.0,0.0,50.5,53.285714285714285
3734766012824.0,0.0,0.0,0.0,48.5,53.0
3734766012924.0,0.0,0.0,0.0,56.0,54.857142857142854
